-0.169299  -0.010327 
-0.174792  -0.010327 
-0.180286  -0.010327 
-0.180286  -0.010327 
-0.180286  -0.010327 
-0.180286  -0.010327 
-0.185779  -0.010327 
-0.180286  -0.010327 
-0.185779  -0.010327 
-0.185779  -0.010327 
-0.185779  -0.010327 
-0.185779  -0.010327 
-0.185779  -0.010327 
-0.185779  -0.010327 
-0.185779  -0.010327 
-0.185779  -0.010327 
-0.185779  -0.010327 
-0.180286  -0.010327 
-0.185779  -0.010327 
-0.180286  -0.010327 
-0.185779  -0.010327 
-0.185779  -0.010327 
-0.185779  -0.010327 
-0.207751  -0.010327 
-0.207751  -0.010327 
-0.207751  -0.010327 
-0.207751  -0.010327 
-0.207751  -0.010327 
-0.218738  -0.010327 
-0.218738  -0.010327 
-0.207751  -0.010327 
-0.213245  -0.010327 
-0.218738  -0.010327 
-0.213245  -0.010327 
-0.202258  -0.010327 
-0.207751  -0.010327 
-0.207751  -0.010327 
-0.196765  -0.010327 
-0.229724  -0.010327 
-0.240710  -0.010327 
-0.224231  -0.010327 
-0.229724  -0.010327 
-0.224231  -0.010327 
-0.213245  -0.010327 
-0.312122  -0.032300 
-0.515369  -0.026807 
-0.680164  0.099536 
-0.757068  0.105029 
-0.718616  0.061084 
-0.735095  0.039111 
-0.718616  0.044604 
-0.762561  0.061084 
-0.773547  0.066577 
-0.790027  0.061084 
-0.784534  0.055591 
-0.784534  0.061084 
-0.795520  0.061084 
-0.905383  0.055591 
-1.053699  0.094043 
-1.147083  0.099536 
-1.234973  0.094043 
-1.289905  0.094043 
-1.410754  0.077563 
-1.581043  0.083057 
-1.685413  0.094043 
-1.696399  0.137988 
-1.619495  0.165454 
-1.592029  0.105029 
-1.564563  0.072070 
-1.603015  0.094043 
-1.729358  0.203906 
-1.943591  0.324756 
-2.196277  0.434619 
-2.394031  0.544482 
-2.492908  0.588428 
-2.553333  0.549976 
-2.624744  0.528003 
-2.580798  0.549976 
-2.569812  0.560962 
-2.663196  0.577441 
-2.723621  0.610400 
-2.811511  0.632373 
-2.795032  0.637866 
-2.778552  0.615894 
-2.690662  0.571948 
-2.663196  0.538989 
-2.608264  0.528003 
-2.520374  0.517017 
-2.591785  0.538989 
-2.817004  0.577441 
-3.003772  0.632373 
-3.091663  0.692798 
-2.992786  0.709277 
-2.745593  0.681812 
-2.536853  0.654346 
-2.350085  0.665332 
-2.119373  0.659839 
-1.866687  0.621387 
-1.756824  0.582935 
-1.729358  0.571948 
-1.756824  0.555469 
-1.866687  0.522510 
-2.047961  0.538989 
-2.256702  0.615894 
-2.383044  0.648853 
-2.448962  0.637866 
-2.509387  0.637866 
-2.569812  0.659839 
-2.729114  0.654346 
-2.888416  0.681812 
-2.987293  0.731250 
-2.921375  0.753223 
-2.740100  0.731250 
-2.547839  0.714770 
-2.388538  0.720264 
-2.152332  0.692798 
-1.883167  0.643359 
-1.603015  0.626880 
-1.383289  0.604907 
-1.191028  0.610400 
-1.070178  0.626880 
-0.987781  0.621387 
-0.965808  0.615894 
-1.136096  0.615894 
-1.295398  0.643359 
-1.410754  0.659839 
-1.410754  0.654346 
-1.306384  0.654346 
-1.141589  0.643359 
-0.949329  0.626880 
-0.740588  0.615894 
-0.592273  0.604907 
-0.526355  0.604907 
-0.575793  0.610400 
-0.636218  0.632373 
-0.691150  0.632373 
-0.740588  0.626880 
-0.811999  0.637866 
-0.877917  0.648853 
-0.899890  0.643359 
-0.894397  0.643359 
-0.866931  0.637866 
-0.768054  0.621387 
0.237195  0.615894 
0.588757  0.593921 
0.912854  0.571948 
1.231457  0.566455 
1.594006  0.533496 
1.973035  0.489551 
2.291638  0.484058 
2.549817  0.478564 
2.818982  0.467578 
2.934338  0.451099 
2.895886  0.467578 
2.747571  0.511523 
2.549817  0.533496 
2.264172  0.522510 
1.868665  0.566455 
1.407239  0.659839 
1.050183  0.758716 
0.912854  0.797168 
1.006238  0.764209 
1.346814  0.714770 
1.681897  0.698291 
1.956555  0.709277 
2.148816  0.670825 
2.236706  0.648853 
2.275159  0.676318 
2.280652  0.698291 
2.231213  0.698291 
2.236706  0.676318 
2.324597  0.648853 
2.456433  0.615894 
2.549817  0.604907 
2.577283  0.648853 
2.560803  0.665332 
2.610242  0.681812 
2.714612  0.692798 
2.879407  0.709277 
3.154065  0.714770 
3.472668  0.670825 
3.807751  0.621387 
4.225232  0.604907 
4.532849  0.538989 
4.571301  0.434619 
4.466931  0.363208 
4.252698  0.341235 
3.928601  0.346729 
3.439709  0.368701 
2.994763  0.407153 
2.533337  0.429126 
2.093884  0.451099 
1.824719  0.467578 
1.462170  0.445605 
1.291882  0.473071 
1.242444  0.506030 
1.258923  0.506030 
1.280896  0.467578 
1.061169  0.434619 
0.951306  0.473071 
0.907361  0.517017 
0.890881  0.506030 
0.901868  0.478564 
0.907361  0.478564 
0.901868  0.489551 
0.907361  0.484058 
0.907361  0.478564 
0.901868  0.478564 
0.934827  0.473071 
0.956799  0.467578 
0.978772  0.456592 
0.995251  0.462085 
1.044690  0.473071 
1.143567  0.451099 
1.275403  0.401660 
1.346814  0.368701 
1.374280  0.401660 
1.297375  0.407153 
1.121594  0.390674 
0.874402  0.396167 
0.775525  0.423633 
0.896375  0.473071 
1.149060  0.462085 
1.429211  0.412646 
1.769788  0.379687 
2.099377  0.352222 
2.236706  0.275317 
2.181775  0.258838 
2.016980  0.324756 
1.830212  0.374194 
1.742322  0.401660 
1.758801  0.407153 
1.769788  0.407153 
1.758801  0.440112 
1.797253  0.511523 
1.989514  0.560962 
2.324597  0.500537 
2.703625  0.423633 
2.901379  0.401660 
3.055188  0.418140 
3.071667  0.412646 
2.972790  0.440112 
2.840955  0.484058 
2.648694  0.484058 
2.363049  0.484058 
2.115857  0.506030 
2.011487  0.533496 
1.984021  0.500537 
1.967541  0.478564 
1.874158  0.538989 
1.769788  0.571948 
1.758801  0.555469 
1.830212  0.555469 
1.918103  0.549976 
2.258679  0.522510 
2.769543  0.489551 
3.406750  0.440112 
3.912122  0.385181 
4.060437  0.374194 
3.912122  0.423633 
3.664929  0.440112 
3.340832  0.451099 
3.033215  0.473071 
2.780530  0.500537 
2.555310  0.511523 
2.269665  0.538989 
2.088391  0.560962 
1.912610  0.571948 
1.676404  0.604907 
1.451184  0.626880 
1.335828  0.637866 
1.423718  0.621387 
1.648938  0.593921 
1.846692  0.588428 
2.022473  0.571948 
2.137830  0.511523 
2.126843  0.429126 
2.082898  0.385181 
1.995007  0.346729 
2.099377  0.313770 
2.148816  0.302783 
2.038953  0.324756 
1.868665  0.330249 
1.676404  0.330249 
1.401746  0.330249 
0.984265  0.352222 
0.456921  0.385181 
-0.081409  0.407153 
-0.647205  0.440112 
-1.234973  0.484058 
-1.729358  0.495044 
-2.196277  0.506030 
-2.723621  0.555469 
-3.234485  0.582935 
-3.487170  0.566455 
-3.629993  0.555469 
-3.706897  0.571948 
-3.657459  0.555469 
-3.470691  0.538989 
-3.157581  0.517017 
-2.657703  0.478564 
-2.163318  0.407153 
-1.850208  0.368701 
-1.641467  0.346729 
-1.537097  0.324756 
-1.614002  0.319263 
-1.822742  0.330249 
-2.086414  0.346729 
-2.328113  0.319263 
-2.624744  0.335742 
-2.937854  0.374194 
-3.250964  0.368701 
-3.481677  0.374194 
-3.613513  0.407153 
-3.629993  0.390674 
-3.498157  0.352222 
-3.355335  0.335742 
-3.234485  0.335742 
-3.234485  0.335742 
-3.179553  0.330249 
-3.080676  0.302783 
-3.009265  0.220386 
-3.163074  0.220386 
-3.454211  0.280811 
-3.597034  0.275317 
-3.619006  0.209399 
-3.800281  0.220386 
-3.948596  0.291797 
-4.179309  0.308276 
-3.805774  0.423633 
-3.272937  0.451099 
-2.586292  0.396167 
-1.795276  0.264331 
-0.932849  0.148975 
-0.251697  0.137988
-0.153674  0.181934 
0.004524  0.154468 
0.407483  0.143481 
0.396497  0.176440 
0.401990  0.176440 
0.253674  0.181934 
0.434949  0.154468 
0.429456  0.159961 
0.445935  0.148975 
-0.334094  0.852100 
0.017468  0.846606 
0.044934  0.857593 
-0.031970  0.874072 
-0.097888  0.879565 
-0.114368  0.868579 
-0.103381  0.857593 
-0.097888  0.852100 
-0.092395  0.846606 
-0.086902  0.841113 
-0.108875  0.846606 
-0.108875  0.841113 
-0.092395  0.824634 
-0.136340  0.797168 
-0.213245  0.670825 
-0.246204  0.429126 
-0.273669  0.066577 
-0.257190  -0.411328 
-0.185779  -0.944165 
-0.152820  -1.411084 
-0.119861  -5.129956 
-0.064929  -5.613355 
-0.020984  -6.014356 
-0.031970  -6.382398 
0.418469  -6.085767 
0.396497  -5.355176 
0.369031  -4.685010 
0.341565  -4.108228 
0.352551  -3.569897 
0.347058  -3.026074 
0.281140  -2.597607 
0.165784  -2.377881 
0.094373  -2.416333 
0.077893  -2.680005 
0.127332  -3.064526 
0.237195  -3.410596
0.270154  -2.097729 
0.330579  -2.130688 
0.423962  -2.064770 
0.467908  -1.850537 
0.456921  -1.537427 
0.418469  -1.240796 
0.412976  -0.988110 
0.407483  -0.784863 
0.407483  -0.609082 
0.363538  -0.543164 
0.314099  -0.587109 
0.215222  -0.762891 
0.275647  -1.125439 
0.451428  -1.400098 
0.528333  -1.339673 
0.489880  -1.097974 
0.583264  -0.867261 
0.759045  -0.400342 
0.918347  0.588428 
0.940320  2.115527 
0.813977  3.862354 
0.539319  5.537768 
0.253674  6.751758 
0.121838  7.345019 
0.088879  7.273608 
0.039441  6.718799 
0.017468  5.828906 
0.072400  4.730273 
0.176770  3.642627 
0.253674  2.719775 
0.352551  2.066089 
0.423962  1.725513 
0.462415  1.637622 
0.506360  1.769458 
0.566785  2.153980 
0.627209  2.741748 
0.627209  3.466846 
0.621716  4.131518 
0.599744  4.570971 
0.605237  4.801684 
0.649182  4.878589 
0.693127  4.878589 
0.786511  4.960986 
0.808484  5.169726 
0.671155  5.493823 
0.401990  5.900317 
0.072400  6.218921 
-0.262683  6.153003 
-0.323108  5.581714 
-0.268176  4.719287 
-0.147327  3.812915 
-0.004504  3.065845 
0.088879  2.653857 
0.171277  2.615405 
0.242688  2.923023 
0.264661  3.516284 
0.226208  4.208423 
0.176770  4.840137 
0.083386  4.642383 
0.121838  3.961231 
0.187756  3.318530 
0.209729  2.813159 
0.220715  2.373706 
0.253674  2.000171 
0.336072  1.785938 
0.369031  1.829883 
0.374524  2.126514 
0.401990  2.533008 
0.412976  2.972461 
0.363538  3.345996 
0.319592  3.565723 
0.286633  3.587695 
0.297620  3.488818 
0.308606  3.389941 
0.325085  3.296558 
0.341565  3.225147 
0.347058  3.159229 
0.325085  3.032886 
0.308606  2.840625 
0.325085  2.582446 
0.374524  2.351733 
0.385510  2.159473 
0.391003  1.978198 
0.385510  1.802417 
0.380017  1.665088 
0.385510  1.560718 
0.440442  1.582690 
0.429456  1.681567 
0.434949  1.802417 
0.401990  1.851856 
0.385510  1.736499 
0.423962  1.599170 
0.385510  1.456348 
0.297620  1.192676 
0.209729  0.731250 
0.121838  -0.054272 
0.072400  -1.136426 
0.077893  -2.333935 
0.143811  -3.465527 
0.226208  -4.465283 
0.248181  -4.234571 
0.209729  -3.399609 
0.149304  -2.597607 
0.061414  -1.932935 
-0.064929  -1.515454 
-0.130847  -1.449536 
-0.196765  -1.735181 
-0.224231  -2.262524 
-0.191272  -2.872266 
-0.163806  -3.432568 
-0.147327  -3.817090 
-0.174792  -4.014844 
-0.174792  -4.080762 
-0.141833  -4.003858 
-0.158313  -3.767651 
-0.196765  -3.421582 
-0.213245  -3.070019 
-0.235217  -2.707471 
-0.279163  -2.350415 
-0.279163  -2.048291 
-0.279163  -1.795605 
-0.345081  -1.592358 
-0.383533  -1.515454 
-0.394519  -1.548413 
-0.427478  -1.636304 
-0.460437  -1.773633 
-0.498889  -1.982373 
-0.553821  -2.180127 
-0.592273  -2.432812 
-0.498889  -2.740430 
-0.410999  -2.905225 
-0.312122  -2.883252 
-0.246204  -2.614087 
-0.273669  -2.207593 
-0.312122  -1.801099 
-0.361560  -1.444043 
-0.361560  -1.174878 
-0.367053  -0.949658 
-0.389026  -0.795850 
-0.443958  -0.773877 
-0.407751  -0.710327 
-0.318738  -0.60327 
-0.352258  -0.510327 
-0.285779  -0.5327 
-0.391272  -0.500348 
-0.318738  -0.510327 
-0.318738  -0.510327 
-0.307751  -0.510327 
-0.329724  -0.510327 


