-0.367053  -0.949658 
-0.389026  -0.795850 
-0.443958  -0.773877 
-0.471423  -0.828809 
-0.509875  -0.878247 
-0.636218  -0.905713 
-0.817493  -0.916699 
-0.927356  -0.916699 
-1.125110  -0.938672 
-1.262439  -0.966138 
-1.394275  -0.977124 
-1.608508  -0.988110 
-1.993030  -0.971631 
-2.520374  -0.900220 
-3.102649  -0.834302 
-3.695911  -0.828809 
-4.184802  -0.817822 
-4.651721  -0.757397 
-5.014270  -0.658521 
-5.124133  -0.587109 
-5.135119  -0.625562 
-5.058215  -0.707959 
-4.986804  -0.746411 
-4.805530  -0.724438 
-4.662707  -0.746411 
-4.360583  -0.850781 
-4.030993  -0.889233 
-3.745349  -0.889233 
-3.382800  -0.944165 
-3.108142  -1.004590 
-2.954334  -1.032056 
-2.712634  -0.982617 
-2.416003  -1.004590 
-2.075427  -1.070508 
-1.855701  -1.086987 
-1.690906  -0.966138 
-1.504138  -0.664014 
-1.372302  -0.186108 
-1.471179  0.412646 
-1.685413  0.983936 
-1.910632  1.417896 
-2.069934  1.731006 
-2.157825  2.016650 
-2.196277  2.335254 
-2.240222  2.626392 
-2.218250  2.862598 
-2.124866  3.032886 
-1.927112  3.131763 
-1.729358  3.054858 
-1.581043  2.796680 
-1.405261  2.461597 
-1.147083  2.137500 
-0.877917  1.857349 
-0.641711  1.610156 
-0.504382  1.379443 
-0.438464  1.242114 
-0.372546  1.302539 
-0.416492  1.450855 
-0.636218  1.560718 
-0.779041  1.626636 
-0.872424  1.709033 
-1.009753  1.758472 
-1.196521  1.731006 
-1.267932  1.692554 
-1.213001  1.676074 
-1.059192  1.615649 
-0.899890  1.516773 
-0.696643  1.472827 
-0.520862  1.472827 
-0.394519  1.417896 
-0.334094  1.275073 
-0.246204  1.126758 
-0.141833  1.066333 
-0.059436  1.077319 
0.077893  1.121265 
0.374524  1.264087 
0.786511  1.461841 
1.269910  1.632129 
1.824719  1.626636 
2.396008  1.340991 
3.022229  0.830127 
3.730847  0.159961 
4.422986  -0.631055 
4.878919  -1.493481 
5.131604  -2.273511 
5.230481  -2.916211 
5.038220  -3.460034 
4.609754  -3.817090 
3.939587  -3.948926 
3.187024  -3.904980 
2.439954  -3.756665 
1.874158  -3.449048 
1.550061  -2.888745 
1.390759  -2.163647 
1.379773  -1.372632 
1.456677  -0.620068 
1.687390  -0.043286 
2.049939  0.302783 
2.456433  0.407153 
2.621228  0.176440 
2.709119  -0.158643 
2.769543  -0.532178 
2.780530  -0.900220 
2.780530  -1.246289 
2.681653  -1.548413 
2.516858  -1.823071 
2.489392  -2.042798 
2.313611  -2.235059 
2.066418  -2.158154 
1.791760  -1.795605 
1.495129  -1.334180 
1.209485  -0.856274 
0.918347  -0.482739 
0.835950  -0.361890 
0.863416  -0.466260 
0.923840  -0.647534 
0.984265  -0.823315 
1.061169  -0.960645 
1.116101  -1.065015 
1.165540  -1.158398 
1.198498  -1.268262 
1.209485  -1.427563 
1.247937  -1.564893 
1.385266  -1.466016 
1.385266  -1.125439 
1.346814  -0.795850 
1.297375  -0.543164 
1.066663  -0.411328 
0.973279  -0.350903 
1.017224  -0.372876 
1.116101  -0.422314 
1.225964  -0.416821 
1.302869  -0.405835 
1.368787  -0.416821 
1.379773  -0.460767 
1.280896  -0.488232 
1.171033  -0.510205 
1.017224  -0.598096 
0.841443  -0.768384 
0.819470  -0.977124 
0.989758  -1.235303 
1.264416  -1.466016 
1.566540  -1.553906 
1.786267  -1.466016 
1.797253  -1.284741 
1.731335  -1.114453 
1.632458  -1.059521 
1.561047  -1.081494 
1.632458  -1.141919 
1.890637  -1.251782 
2.253186  -1.416577 
2.505872  -1.581372 
2.720105  -1.669263 
2.989270  -1.647290 
3.198010  -1.537427 
3.384778  -1.416577 
3.588025  -1.411084 
3.708874  -1.487988 
3.741833  -1.564893 
3.769299  -1.559399 
3.851697  -1.482495 
3.873669  -1.411084 
3.846204  -1.339673 
3.807751  -1.196851 
3.829724  -0.977124 
3.791272  -0.806836 
3.582532  -0.894727 
3.456189  -1.152905 
3.489148  -1.504468 
3.620984  -1.845044 
3.719861  -2.169141 
3.774792  -2.449292 
3.791272  -2.630566 
3.725354  -2.619580 
3.511121  -2.410840 
2.972790  -2.180127 
2.181775  -2.026318 
1.258923  -2.015332 
0.495374  -2.070264 
-0.042957  -2.163647 
-0.597766  -2.295483 
-1.125110  -2.394360 
-1.487659  -2.454785 
-1.344836  -2.257031 
-1.207507  -2.020825 
-1.092151  -1.899976 
-0.949329  -1.971387 
-0.773547  -2.092236 
-0.614246  -2.207593 
-0.553821  -2.268018 
-0.696643  -2.289990 
-0.866931  -2.246045 
-1.009753  -2.125195 
-1.152576  -1.976880 
-1.322864  -1.861523 
-1.465686  -1.779126 
-1.641467  -1.685742 
-1.718372  -1.608838 
-1.800769  -1.559399 
-1.767810  -1.850537 
-1.646960  -2.075757 
-1.515125  -2.136182 
-1.421741  -2.070264 
-1.350330  -1.965894 
-1.284412  -1.839551 
-1.191028  -1.647290 
-1.152576  -1.422070 
-1.180042  -1.191357 
-1.355823  -0.938672 
-1.619495  -0.581616 
-1.905139  -0.246533 
-2.141345  -0.010327 
-2.234729  0.127002 
-2.328113  0.297290 
-2.459949  0.528003 
-2.734607  0.758716 
-3.031238  1.016895 
-3.349841  1.379443 
-3.728870  1.802417 
-4.069446  2.225391 
-4.448474  2.549487 
-4.745105  2.780200 
-4.816516  2.983447 
-4.690173  3.296558 
-4.563830  3.560230 
-4.421008  3.686572 
-4.195788  3.659106 
-3.668445  3.345996 
-2.954334  2.653857 
-2.031482  1.791431 
-1.169055  0.967456 
-0.400012  0.313770 
0.039441  -0.164136 
0.143811  -0.257520 
0.105359  -0.054272 
0.028455  0.159961 
0.000989  0.236865 
0.011975  0.264331 
-0.004504  0.357715 
-0.064929  0.484058 
-0.251697  0.555469 
-0.564807  0.648853 
-0.866931  0.830127 
-1.163562  1.022388 
-1.526111  1.165210 
-1.938098  1.373950 
-2.476428  1.835376 
-3.091663  2.736255 
-3.542102  3.823901 
-4.020007  4.741260 
-4.552844  5.345508 
-4.865954  5.719043 
-4.816516  5.834399 
-4.635242  5.614673 
-4.371570  5.103808 
-4.009021  4.477588 
-3.575061  3.763477 
-3.080676  2.944995 
-2.646716  2.153980 
-2.295154  1.511279 
-1.987537  1.077319 
-1.762317  0.879565 
-1.707385  0.989429 
-1.767810  1.439868 
-1.987537  1.780444 
-2.262195  2.121021 
-2.394031  2.522022 
-2.509387  2.917529 
-2.630237  3.164722 
-2.663196  3.247119 
-2.635730  3.186694 
-2.564319  2.977954 
-2.388538  2.686816 
-2.174304  2.401172 
-1.954578  2.148486 
-1.740344  1.934253 
-1.548084  1.687061 
-1.366809  1.412402 
-1.278919  1.159717 
-1.377795  1.055347 
-1.663440  1.060840 
-1.943591  1.137744 
-2.146838  1.275073 
-2.366565  1.478320 
-2.476428  1.577197 
-2.476428  1.615649 
-2.503894  1.566211 
-2.377551  1.401416 
-2.262195  1.308032 
-2.075427  1.340991 
-1.668933  1.599170 
-1.493152  2.082568 
-1.383289  2.648364 
-1.581043  3.230640 
-1.767810  3.670093 
-1.877673  3.856860 
-1.971057  3.692065 
-1.839221  3.285571 
-1.553577  2.675830 
-1.152576  1.906787 
-0.608752  1.126758 
0.143811  0.407153 
0.682141  -0.268506 
1.286389  -0.795850 
1.995007  -1.054028 
2.665173  -1.119946 
3.291394  -1.026562 
3.802258  -0.911206 
3.994519  -0.878247 
3.961560  -0.883740 
3.752820  -0.878247 
3.379285  -0.900220 
3.044202  -0.949658 
2.538831  -1.092480 
2.203748  -1.312207 
1.984021  -1.669263 
1.841199  -2.092236 
1.940076  -2.460278 
2.033459  -2.844800 
2.214734  -3.350171 
2.434460  -3.976392 
2.797009  -4.569654 
3.351819  -4.970654 
3.989026  -5.168408 
4.587781  -5.206861 
5.126111  -4.998120 
5.675427  -4.465283 
6.054456  -3.745679 
6.131360  -3.048047 
5.977551  -2.328442 
5.620496  -1.636304 
4.697644  -1.004590 
3.670422  -0.290479 
2.544324  0.253345 
1.456677  0.511523 
0.610730  0.577441 
0.099866  0.549976 
0.006482  0.538989 
0.022961  0.538989 
0.077893  0.440112 
0.055920  0.253345 
0.050427  0.072070 
0.083386  -0.098218 
0.138318  -0.263013 
0.193250  -0.372876 
0.204236  -0.460767 
0.242688  -0.592603 
0.314099  -0.724438 
0.363538  -0.795850 
0.363538  -0.872754 
0.385510  -1.026562 
0.445935  -1.240796 
0.506360  -1.444043 
0.544812  -1.965894 
0.627209  -2.196606 
0.737073  -2.213086 
0.835950  -2.004346 
0.830457  -1.740674 
0.835950  -1.444043 
0.846936  -1.130933 
0.781018  -0.927686 
0.621716  -0.933179 
0.594251  -1.076001 
0.588757  -1.356152 
0.671155  -2.108716 
0.918347  -2.745923 
0.918347  -3.251294 
1.039197  -3.767651 
1.357800  -4.168653 
1.385266  -4.333447 
1.506116  -4.371900 
1.654431  -4.157666 
1.495129  -3.756665 
1.473157  -3.471020 
1.445691  -3.108472 
1.286389  -2.740430 
1.061169  -2.432812 
0.720593  -2.229565 
0.407483  -2.174634 
0.281140  -2.218579 
0.253674  -2.213086 
0.127332  -2.119702 
-0.015491  -2.059277 
-0.174792  -2.141675 
-0.356067  -2.289990 
-0.581287  -2.493237 
-0.707629  -2.740430 
-0.833972  -3.119458 
-0.855945  -3.624829 
-0.905383  -4.031323 
-1.059192  -4.338941 
-1.191028  -4.734448 
-1.295398  -5.113477 
-1.454700  -5.399121 
-1.663440  -5.563916 
-1.872180  -5.613355 
-2.119373  -5.547437 
-2.350085  -5.283765 
-2.459949  -4.877271 
-2.503894  -4.426831 
-2.707141  -3.976392 
-2.696155  -3.723706 
-2.580798  -3.520459 
-2.443469  -3.245801 
-2.317127  -2.954663 
-2.152332  -2.701977 
-1.910632  -2.498730 
-1.685413  -2.311963 
-1.570056  -2.004346 
-1.553577  -1.537427 
-1.531604  -1.076001 
-1.482166  -0.768384 
-1.394275  -0.466260 
-1.256946  -0.136670 
-1.213001  0.209399 
-1.306384  0.489551 
-1.515125  0.698291 
-1.883167  0.945483 
-2.328113  1.379443 
-2.773059  1.934253 
-3.223499  2.565967 
-3.734363  3.356982 
-4.289172  4.246875 
-4.778064  5.142261 
-5.036242  5.938769 
-5.212024  6.586963 
-5.310901  6.976977 
-5.223010  6.971484 
-4.843982  6.581470 
-4.261706  5.922290 
-3.503650  5.131274 
-2.690662  4.268847 
-1.866687  3.417407 
-1.355823  2.681323 
-1.031726  2.208911 
-0.965808  1.939746 
-1.042712  1.950732 
-1.361316  2.110034 
-1.866687  2.379199 
-2.295154  2.796680 
-2.646716  3.252612 
-2.784045  3.637134 
-2.729114  3.966724 
-2.509387  4.323779 
-2.223743  4.675342 
-1.932605  4.960986 
-1.581043  5.098315 
-1.141589  4.999438 
-0.713123  4.686328 
-0.257190  4.279834 
0.176770  3.917285 
0.385510  3.609668 
0.500867  3.373462 
0.511853  3.219653 
0.478894  3.269092 
0.385510  3.521777 
0.264661  3.829395 
0.088879  4.109546 
-0.108875  4.389697 
-0.290149  4.625903 
-0.493396  4.790698 
-0.658191  4.922534 
-1.180042  4.829150 
-1.284412  4.592944 
-1.174548  4.307300 
-0.982288  3.972217 
-0.724109  3.582202 
-0.372546  3.203174 
0.033948  2.851611 
0.292126  2.538501 
0.445935  2.324268 
0.566785  2.208911 
0.654675  2.214404 
0.704114  2.263843 
0.764539  2.247363 
0.857922  2.192432 
1.028210  2.132007 
1.280896  2.121021 
1.555554  2.175952 
1.797253  2.236377 
1.995007  2.291309 
2.187268  2.318774 
2.742078  2.252856 
2.725598  2.126514 
2.709119  1.961719 
2.681653  1.857349 
2.170789  1.791431 
1.550061  1.549731 
1.094128  1.319019 
0.748059  1.264087 
0.418469  1.258594 
0.270154  1.137744 
0.391003  0.972949 
0.748059  0.753223 
1.258923  0.500537 
1.835706  0.137988 
2.461926  -0.323438 
3.033215  -0.845288 
3.714368  -1.438550 
4.373548  -2.169141 
4.659192  -2.899731 
4.851453  -3.564404 
4.889905  -4.201612 
4.758069  -4.827832 
4.466931  -5.333203 
4.131848  -5.536450 
3.851697  -5.399121 
3.533093  -5.086011 
3.269421  -4.575147 
3.088147  -3.932446 
3.104626  -3.405102 
3.208997  -3.048047 
3.318860  -2.680005 
3.368298  -2.235059 
3.373791  -1.834058 
3.302380  -1.553906 
3.302380  -1.372632 
3.219983  -1.306714 
3.126599  -1.356152 
2.945325  -1.652783 
2.549817  -1.910962 
2.209241  -1.790112 
1.835706  -1.449536 
1.462170  -1.103467 
1.138074  -0.834302 
0.918347  -0.548657 
0.874402  -0.241040 
0.824963  -0.087231 
0.770032  -0.059766 
0.770032  -0.098218 
0.781018  -0.081738 
0.792004  -0.026807 
0.797498  0.011646 
0.896375  -0.076245 
1.121594  -0.477246 
1.269910  -1.130933 
1.528088  -1.888989 
1.874158  -2.729443 
2.308118  -3.608350 
2.725598  -4.415845 
3.115613  -5.031079 
3.544080  -5.399121 
3.588025  -5.514478 
3.340832  -5.234326 
3.208997  -4.695996 
3.038708  -4.190625 
2.851941  -3.696240 
2.632214  -3.113965 
2.253186  -2.504224 
1.846692  -1.894482 
1.407239  -1.361645 
1.171033  -0.949658 
1.055676  -0.817822 
0.951306  -1.059521 
0.835950  -1.515454 
0.726086  -2.119702 
0.742566  -2.778882 
0.912854  -3.416089 
1.149060  -4.014844 
1.379773  -4.553174 
1.648938  -4.926709 
1.934582  -5.190381 
2.132336  -5.410108 
2.264172  -5.607862 
2.198254  -5.613355 
2.110364  -5.459546 
1.863171  -5.140943 
1.561047  -4.641065 
1.242444  -4.031323 
0.781018  -3.388623 
0.171277  -2.630566 
-0.207751  -1.691235 
-0.603259  -0.729932 
-0.965808  0.105029 
-1.317371  0.566455 
-1.817249  0.736743 
-2.130359  0.846606 
-2.130359  0.923511 
-2.058948  0.939990 
-1.905139  0.978442 
-1.630481  1.033374 
-1.284412  1.033374 
-0.949329  0.994922 
-0.663684  0.983936 
-0.405505  0.994922 
-0.202258  0.983936 
-0.163806  0.929004 
-0.240710  0.879565 
-0.432971  0.846606 
-0.614246  0.775195 
-0.817493  0.621387 
-0.855945  0.467578 
-0.971301  0.363208 
-1.020740  0.291797 
-1.048206  0.209399 
-1.169055  0.105029 
-1.262439  -0.010327 
-1.449207  -0.142163 
-1.504138  -0.268506 
-1.564563  -0.372876 
-1.619495  -0.438794 
-1.570056  -0.466260 
-1.454700  -0.504712 
-1.383289  -0.570630 
-1.256946  -0.609082 
-1.119617  -0.642041 
-0.971301  -0.713452 
-0.790027  -0.790356 
-1.053699  -0.636548 
-1.234973  -0.499219 
-1.427234  -0.367383 
-1.657947  -0.263013 
-1.800769  -0.092725 
-2.015002  0.187427 
-2.174304  0.621387 
-2.317127  1.203662 
-2.459949  1.901294 
-2.701648  2.571460 
-2.893909  3.131763 
-3.042224  3.631641 
-3.058704  4.049121 
-2.954334  4.202929 
-2.580798  4.060107 
-2.113879  3.620654 
-1.553577  3.049365 
-0.987781  2.335254 
-0.334094  1.505786 
0.083386  0.637866 
0.396497  -0.070752 
0.632703  -0.504712 
0.715100  -0.598096 
0.654675  -0.433301 
0.473401  -0.120190 
0.220715  0.258838 
-0.064929  0.604907 
-0.334094  0.846606 
-0.509875  0.961963 
-0.663684  1.038867 
-0.844958  1.176196 
-1.097644  1.357471 
-1.361316  1.555225 
-1.603015  1.725513 
-1.888660  1.906787 
-2.207263  2.208911 
-2.723621  2.670337 
-2.943347  3.307544 
-3.113635  3.807422 
-3.316882  4.071094 
-3.289417  4.120532 
-2.959827  3.845874 
-2.333606  3.192188 
-1.432727  2.423145 
-0.493396  1.703540 
0.314099  1.055347 
1.011731  0.538989 
1.352307  0.231372 
1.429211  0.269824 
1.429211  0.495044 
1.440198  0.786182 
1.473157  1.181690 
1.385266  1.621143 
1.132581  2.044116 
0.500867  2.637378 
0.044934  2.912036 
-0.240710  2.977954 
-0.202258  2.802173 
0.149304  2.434131 
0.704114  1.950732 
1.225964  1.445361 
1.566540  1.082813 
1.654431  0.868579 
1.495129  0.852100 
1.039197  1.027881 
0.336072  1.308032 
-0.416492  1.703540 
-1.169055  2.208911 
-1.729358  2.725269 
-2.179797  3.120776 
-2.492908  3.384448 
-2.745593  3.543750 
-2.921375  3.609668 
-2.860950  3.549243 
-2.553333  3.280078 
-1.960071  2.846118 
-1.245960  2.340747 
-0.482410  1.890308 
0.226208  1.505786 
0.808484  1.308032 
1.110608  1.423389 
0.978772  1.791431 
0.748059  2.280322 
0.550305  2.752734 
0.380017  3.054858 
0.275647  3.219653 
0.226208  3.318530 
0.182263  3.362476 
0.143811  3.313037 
0.132825  3.181201 
0.116345  3.065845 
0.028455  3.049365 
-0.075916  3.065845 
-0.169299  3.049365 
-0.290149  3.016406 
-0.465930  3.005420 
-0.663684  2.950488 
-0.927356  2.851611 
-1.213001  2.763721 
-1.509631  2.692310 
-1.778796  2.653857 
-2.097400  2.593433 
-2.317127  2.554981 
-2.399524  2.604419 
-2.509387  2.785693 
-2.712634  2.988940 
-2.882922  3.010913 
-3.020252  2.840625 
-3.174060  2.549487 
-3.218005  2.214404 
-3.185046  1.890308 
-3.196033  1.665088 
-3.250964  1.599170 
-3.443225  1.703540 
-3.619006  1.868335 
-3.734363  2.099048 
-3.849719  2.379199 
-4.025500  2.609912 
-4.267200  2.730762 
-4.525378  2.769214 
-4.673694  2.846118 
-4.783557  2.966968 
-4.882434  3.115283 
-4.959338  3.247119 
-4.948352  3.280078 
-4.931872  3.164722 
-4.893420  2.939502 
-4.772571  2.598926 
-4.541858  2.203418 
-4.272693  1.714526 
-3.998035  1.247607 
-3.684924  0.802661 
-3.426746  0.440112 
-3.190540  0.330249 
-2.959827  0.363208 
-2.696155  0.385181 
-2.470935  0.379687 
-2.317127  0.368701 
-2.218250  0.390674 
-2.146838  0.456592 
-2.141345  0.571948 
-2.207263  0.731250 
-2.251209  0.939990 
-2.278674  1.154224 
-2.377551  1.330005 
-2.470935  1.401416 
-2.685169  1.472827 
-2.833484  1.599170 
-2.877429  1.659595 
-2.833484  1.648608 
-2.784045  1.643115 
-2.608264  1.566211 
-2.405017  1.434375 
-2.273181  1.330005 
-2.113879  1.275073 
-1.850208  1.148731 
-1.537097  1.011401 
-1.278919  0.874072 
-0.965808  0.780688 
-0.658191  0.681812 
-0.345081  0.538989 
-0.196765  0.440112 
-0.158313  0.429126 
-0.185779  0.423633 
-0.207751  0.379687 
-0.268176  0.352222 
-0.290149  0.385181 
-0.268176  0.412646 
-0.251697  0.412646 
-0.334094  0.429126 
-0.493396  0.511523 
-0.636218  0.621387 
-0.740588  0.698291 
-0.866931  0.714770 
-0.976794  0.692798 
-0.965808  0.626880 
-0.954822  0.533496 
-1.037219  0.506030 
-1.152576  0.489551 
-1.278919  0.456592 
-1.377795  0.423633 
-1.564563  0.401660 
-1.646960  0.577441 
-1.592029  0.901538 
-1.581043  1.209155 
-1.443713  1.527759 
-1.163562  1.895801 
-0.658191  2.285815 
-0.103381  2.615405 
0.143811  2.840625 
0.385510  3.087817 
0.698621  3.285571 
1.011731  3.324023 
1.143567  3.137256 
1.236951  2.928516 
1.440198  2.802173 
1.709363  2.719775 
1.945569  2.659351 
2.104871  2.642871 
2.176282  2.664844 
2.170789  2.697803 
2.110364  2.719775 
1.956555  2.736255 
1.775281  2.769214 
1.604993  2.813159 
1.379773  2.824146 
1.187512  2.846118 
1.033704  2.868091 
0.962292  2.851611 
0.934827  2.763721 
1.022717  2.697803 
1.138074  2.637378 
1.346814  2.598926 
1.440198  2.593433 
1.643445  2.631885 
1.890637  2.620898 
2.253186  2.538501 
2.698132  2.285815 
3.258435  1.813403 
3.862683  1.126758 
4.450452  0.324756 
4.972302  -0.466260 
5.181043  -1.207837 
5.197522  -1.652783 
5.219495  -1.856030 
5.378797  -2.042798 
5.560071  -2.399853 
5.719373  -2.960156 
6.010510  -3.619336 
6.482923  -4.635571 
5.807263  -3.784131 
4.944837  -3.004102 
4.208753  -2.344922 
3.566052  -1.916455 
3.126599  -1.867017 
2.890393  -2.207593 
2.846448  -2.850293 
2.994763  -3.756665 
3.384778  -4.937696 
4.049451  -6.442822 
2.082898  -7.481030 
1.363293  -5.690259 
0.671155  -4.047803 
0.303113  -2.685498 
0.094373  -1.795605 
-0.042957  -1.383618 
-0.141833  -1.411084 
-0.246204  -1.910962 
-0.328601  -2.844800 
-0.367053  -4.091748 
-0.427478  -5.530957 
-0.465930  -7.036084 
-0.048450  -6.821851 
-0.290149  -5.371655 
-0.405505  -4.141187 
-0.509875  -3.295239 
-0.680164  -2.910718 
-0.702136  -2.998608 
-0.680164  -3.322705 
-0.707629  -3.811597 
-0.795520  -4.443311 
-0.729602  -5.250806 
-0.663684  -6.140698 
-0.564807  -6.948194 
0.011975  -7.316236 
0.033948  -6.596631 
-0.031970  -5.909986 
-0.081409  -5.217847 
-0.180286  -4.443311 
-0.350574  -3.663281 
-0.641711  -2.976636 
-0.998767  -2.366894 
-1.388782  -1.757153 
-1.641467  -1.246289 
-1.756824  -1.065015 
-1.773303  -1.229810 
-1.696399  -1.531934 
-1.624988  -1.899976 
-1.460193  -2.366894 
-1.196521  -2.877759 
-0.784534  -3.273267 
-0.421985  -3.443555 
-0.130847  -3.427075 
0.088879  -3.152417 
0.176770  -2.592114 
0.033948  -1.883496 
-0.152820  -1.295727 
-0.224231  -0.845288 
-0.235217  -0.488232 
-0.301135  -0.339917 
-0.361560  -0.400342 
-0.372546  -0.471753 
-0.361560  -0.460767 
-0.625232  -0.499219 
-1.180042  -0.482739 
-1.850208  -0.356396 
-2.630237  -0.252026 
-3.388294  -0.142163 
-3.893665  -0.048779 
-4.014514  -0.043286 
-3.822253  -0.087231 
-3.772815  -0.087231 
-3.943103  -0.021313 
-4.113391  0.039111 
-4.344104  0.028125 
-4.569324  0.011646 
-4.399035  -0.015820 
-4.168323  -0.054272 
-4.157336  -0.087231 
-4.096911  -0.081738 
-3.915637  -0.142163 
-3.657459  -0.323438 
-3.580554  -0.565137 
-3.415759  -0.845288 
-3.113635  -1.081494 
-2.959827  -1.235303 
-3.201526  -1.427563 
-3.152087  -1.740674 
-3.003772  -2.020825 
-2.866443  -2.180127 
-2.729114  -2.169141 
-2.591785  -1.954907 
-2.520374  -1.652783 
-2.498401  -1.455029 
-2.503894  -1.400098 
-2.366565  -1.389111 
-2.196277  -1.312207 
-2.047961  -1.180371 
-1.971057  -1.065015 
-1.894153  -1.015576 
-1.723865  -0.960645 
-1.586536  -0.823315 
-1.498645  -0.603589 
-1.685413  -0.416821 
-1.850208  -0.153149 
-2.020496  0.187427 
-2.196277  0.462085 
-2.416003  0.577441 
-2.679675  0.648853 
-2.844470  0.753223 
-3.086169  0.813647 
-3.327869  0.824634 
-3.470691  0.857593 
-3.613513  0.846606 
-3.750842  0.846606 
-3.822253  0.950977 
-3.811267  1.148731 
-3.640979  1.373950 
-3.289417  1.571704 
-3.003772  1.769458 
-2.921375  1.983691 
-2.888416  2.263843 
-2.740100  2.571460 
-2.608264  2.741748 
-2.520374  2.697803 
-2.597278  2.467090 
-2.624744  2.236377 
-2.564319  1.961719 
-2.509387  1.593677 
-2.465442  1.280566 
-2.476428  1.093799 
-2.426990  0.939990 
-2.322620  0.764209 
-2.168811  0.725757 
-2.075427  0.780688 
-2.064441  0.819141 
-2.097400  0.747729 
-2.025989  0.577441 
-2.097400  0.412646 
-2.361072  0.445605 
-2.723621  0.659839 
-2.992786  1.060840 
-3.212512  1.478320 
-3.256458  1.747485 
-3.218005  1.967212 
-3.179553  2.357227 
-3.069690  2.840625 
-3.091663  3.038379 
-2.822498  3.269092 
-2.663196  3.653613 
-2.795032  4.142505 
-3.152087  4.724780 
-3.443225  5.345508 
-3.690418  5.938769 
-4.096911  6.521045 
-4.118884  7.114306 
-3.937610  7.070361 
-3.651965  6.427661 
-3.047717  5.389453 
-2.020496  4.137012 
-0.784534  2.785693 
0.385510  1.428882 
1.467664  0.187427 
2.423474  -0.729932 
3.357312  -1.202344 
4.049451  -1.224316 
4.455945  -0.867261 
4.631726  -0.356396 
4.653699  0.297290 
4.494397  1.038867 
4.236218  1.807910 
4.192273  2.587940 
4.060437  3.389941 
3.785779  4.137012 
3.027722  4.642383 
2.401501  4.939013 
1.967541  5.087329 
2.044446  5.120288 
2.428967  4.939013 
2.549817  4.636889 
2.659680  4.406177 
2.961804  4.290820 
3.357312  4.115039 
3.648450  3.845874 
3.967053  3.609668 
4.412000  3.527271 
4.802014  3.532764 
5.170056  3.455859 
5.323865  3.241626 
5.428235  2.972461 
5.680921  2.659351 
5.730359  2.208911 
5.708386  1.720020 
5.680921  1.308032 
5.845716  1.077319 
5.884168  0.929004 
6.153333  0.918018 
6.395032  0.978442 
6.438977  1.077319 
6.274182  1.159717 
6.032483  1.258594 
5.955579  1.351978 
5.697400  1.390430 
5.329358  1.362964 
5.016248  1.286060 
4.856946  1.148731 
4.796521  0.918018 
4.730603  0.709277 
4.840466  0.659839 
5.208508  0.709277 
5.713880  0.835620 
6.532361  1.154224 
6.779553  1.714526 
5.571057  2.456104 
4.412000  3.631641 
3.247449  5.345508 
2.033459  7.410937 
-0.927356  7.910815 
-0.136340  5.136767 
0.671155  2.346240 
1.401746  0.143481 
1.885144  -1.169385 
2.071912  -1.597852 
2.027966  -1.515454 
1.923596  -1.367139 
1.896130  -1.229810 
1.929089  -1.043042 
1.945569  -0.757397 
1.846692  -0.350903 
1.637952  0.039111 
1.412732  0.308276 
1.187512  0.357715 
1.044690  0.286304 
0.874402  0.269824 
0.654675  0.280811 
0.462415  0.280811 
0.292126  0.269824 
0.127332  0.264331 
0.000989  0.275317 
-0.015491  0.280811 
-0.075916  0.269824 
-0.114368  0.192920 
-0.130847  0.094043 
-0.125354  0.055591 
-0.119861  0.066577 
-0.114368  0.055591 
-0.125354  0.055591 
-0.130847  0.066577 
-0.108875  0.050098 
-0.180286  0.017139 
-0.328601  -0.043286 
-0.284656  -0.482739 
-0.108875  -1.015576 
0.105359  -1.301221 
0.121838  -1.213330 
0.077893  -0.966138 
0.033948  -0.740918 
-0.048450  -0.515698 
-0.059436  -0.378369 
-0.108875  -0.383862 
-0.042957  -0.433301 
-0.042957  -0.411328 
-0.031970  -0.405835 
-0.009998  -0.438794 
-0.048450  -0.422314 
-0.081409  -0.405835 
-0.053943  -0.427808 
-0.026477  -0.438794 
-0.059436  -0.422314 
-0.086902  -0.416821 
-0.070422  -0.433301 
-0.059436  -0.433301 
-0.086902  -0.422314 
-0.086902  -0.422314 
-0.053943  -0.438794 
-0.037463  -0.438794 
-0.059436  -0.427808 
-0.059436  -0.438794 
-0.059436  -0.444287 
-0.070422  -0.433301 
-0.070422  -0.433301 
-0.042957  -0.444287 
-0.284656  -0.482739 
-0.009998  -0.438794 
-0.048450  -0.422314 
-0.081409  -0.405835 
-0.053943  -0.427808 
-0.026477  -0.438794 
-0.059436  -0.422314 
-0.086902  -0.416821 
-0.070422  -0.433301 
-0.059436  -0.433301 
-0.086902  -0.422314 
-0.086902  -0.422314 
-0.053943  -0.438794 
-0.037463  -0.438794 
-0.059436  -0.427808 
-0.059436  -0.438794 
-0.059436  -0.444287 
-0.070422  -0.433301 
-0.070422  -0.433301 
-0.042957  -0.444287 