0.176715  0.008624 
0.237140  0.008624 
1.225909  0.003131 
2.873859  0.008624 
5.323810  0.030597 
8.169269  0.008624 
10.740069  -0.018842 
12.992267  -0.024335 
14.360065  -0.024335 
14.750079  -0.024335 
14.393023  -0.029828 
13.360309  -0.029828 
11.959552  -0.035321 
10.383014  -0.024335 
9.015216  -0.018842 
7.927569  -0.013348 
7.394732  -0.007855 
7.290362  -0.013348 
7.647418  -0.013348 
8.361529  -0.018842 
9.229449  -0.029828 
9.992999  -0.040814 
10.734576  -0.046307 
10.976275  -0.051801 
10.965289  -0.046307 
10.970782  -0.040814 
10.805987  -0.040814 
10.575274  -0.040814 
10.212726  -0.046307 
9.943561  -0.046307 
9.822711  -0.046307 
9.866656  -0.051801 
9.822711  -0.051801 
9.855670  -0.051801 
9.822711  -0.051801 
9.833697  -0.051801 
9.844684  -0.051801 
9.828204  -0.057294 
9.839190  -0.057294 
9.844684  -0.057294 
9.833697  -0.057294 
9.833697  -0.057294 
9.839190  -0.062787 
9.833697  -0.062787 
9.833697  -0.062787 
9.833697  -0.062787 
9.833697  -0.062787 
9.833697  -0.062787 
9.833697  -0.068280 
9.833697  -0.068280 
9.833697  -0.068280 
9.828204  -0.068280 
9.828204  -0.068280 
9.828204  -0.068280 
9.828204  -0.068280 
9.828204  -0.068280 
9.822711  -0.068280 
9.822711  -0.073773 
9.822711  -0.073773 
9.828204  -0.073773 
9.828204  -0.073773 
9.828204  -0.073773 
9.828204  -0.073773 
9.822711  -0.073773 
9.828204  -0.079266 
9.828204  -0.079266 
9.828204  -0.079266 
9.822711  -0.079266 
9.822711  -0.079266 
9.822711  -0.079266 
9.822711  -0.079266 
9.817218  -0.084760 
9.817218  -0.084760 
9.817218  -0.084760 
9.817218  -0.084760 
9.817218  -0.084760 
9.811725  -0.084760 
9.811725  -0.084760 
9.811725  -0.084760 
9.817218  -0.084760 
9.811725  -0.084760 
9.811725  -0.084760 
9.811725  -0.084760 
9.811725  -0.084760 
9.811725  -0.084760 
9.811725  -0.084760 
9.811725  -0.084760 
9.806231  -0.084760 
9.811725  -0.084760 
9.811725  -0.084760 
