0.014570  0.269110 
0.088879  1.494800 
1.440198  4.186450 
3.522107  7.169238 
5.972058  9.701587 
8.641736  11.085864 
10.828015  11.261645 
12.338635  10.767261 
12.794568  9.745532 
12.756116  8.811694 
12.063977  8.092090 
11.108167  7.630664 
10.229260  7.619678 
9.361341  7.910815 
8.801038  8.223926 
8.669202  8.520556 
8.855969  8.872119 
9.234998  9.179736 
9.586560  9.399463 
9.844739  9.503833 
9.927136  9.514819 
9.921643  9.514819 
9.927136  9.514819 
9.932630  9.514819 
9.932630  9.514819 
9.927136  9.514819 
9.927136  9.514819 
9.927136  9.514819 
9.932630  9.509326 
9.932630  9.509326 
9.932630  9.509326 
9.932630  9.514819 
9.938123  9.514819 
9.938123  9.514819 
9.943616  9.514819 
9.943616  9.514819 
9.938123  9.514819 
9.938123  9.514819 
9.938123  9.514819 
9.943616  9.509326 
9.943616  9.509326 
9.949109  9.509326 
9.949109  9.509326 
9.949109  9.509326 
9.949109  9.509326 
9.954602  9.509326 
9.954602  9.509326 
9.960095  9.509326 
9.965589  9.509326 
9.965589  9.509326 
9.971082  9.509326 
9.971082  9.509326 
9.971082  9.509326 
9.965589  9.509326 
9.971082  9.509326 
9.971082  9.509326 
9.971082  9.509326 
9.976575  9.509326 
9.982068  9.509326 
9.982068  9.509326 
9.976575  9.509326 
9.976575  10.047656 
9.976575  10.086108 
9.971082  10.091601 
9.971082  10.091601 
9.976575  10.091601 
9.976575  10.091601 
9.982068  10.091601 
9.982068  10.091601 
9.976575  10.091601 
9.976575  10.091601 
9.971082  10.091601 
9.976575  10.091601 
9.971082  10.091601 
9.971082  10.091601 
9.971082  10.091601 
9.976575  10.091601 
9.976575  10.091601 
9.971082  10.091601 
9.976575  10.091601 
9.976575  10.091601 
9.976575  10.091601 
9.976575  10.091601 
9.976575  10.091601 
9.976575  10.091601 
9.976575  10.086108 
9.982068  10.086108 
9.982068  10.086108 
9.976575  10.086108 
9.976575  10.086108 
9.976575  10.086108 
9.976575  10.086108 
9.976575  10.086108 
9.976575  10.086108 
9.976575  10.086108 
9.976575  10.086108 
9.976575  10.086108 
9.976575  10.091601 
9.976575  10.091601 
9.976575  10.091601 
9.976575  10.091601 
9.976575  10.091601 
9.976575  10.091601 
9.976575  10.086108 
9.976575  10.091601 


