0.181604  0.021313 
0.170618  0.021313 
0.494714  0.510205 
2.439294  3.135937 
6.108728  7.019605 
10.728479  11.375684 
15.518518  15.978955 
20.396448  20.675610 
25.312830  25.394238 
29.784266  30.096386 
33.766808  34.721630 
37.106651  39.055737 
39.314903  42.637280 
39.831261  43.878735 
38.836998  42.840527 
36.936363  40.088451 
34.568810  36.490429 
31.899134  32.502392 
29.273401  28.635204 
26.801477  25.498608 
25.208460  24.169262 
24.609705  24.383495 
24.845911  25.872143 
25.757776  28.289135 
27.229944  30.848949 
28.850428  32.711132 
30.306116  33.178051 
31.377283  32.848461 
31.822229  31.958569 
31.937586  30.914867 
31.745325  29.992016 
31.311365  29.382275 
30.718103  29.063671 
30.102869  28.920849 
29.602991  28.920849 
29.256922  28.920849 
29.136072  28.926342 
29.147058  28.937328 
29.262415  28.981274 
29.454676  29.201000 
29.635950  29.525097 
29.800745  29.904125 
29.872156  30.173290 
29.938074  30.294140 
29.971033  30.332592 
29.971033  30.332592 
29.976526  30.332592 
29.998499  30.332592 
30.014978  30.332592 
30.025965  30.327099 
30.042444  30.327099 
30.053431  30.327099 
30.064417  30.327099 
30.080896  30.321606 
30.091883  30.321606 
30.102869  30.321606 
30.108362  30.316113 
30.119349  30.316113 
30.130335  30.316113 
30.146814  30.316113 
30.152308  30.316113 
30.163294  30.310619 
30.174280  30.310619 
30.185266  30.305126 
30.196253  30.305126 
30.207239  30.305126 
30.212732  30.305126 
30.223719  30.299633 
30.229212  30.299633 
30.240198  30.299633 
30.251184  30.299633 
30.262171  30.294140 
30.267664  30.294140 
30.273157  30.294140 
30.284143  30.294140 
30.295130  30.288647 
30.300623  30.288647 
30.311609  30.288647 
30.317102  30.288647 
30.328089  30.283154 
30.333582  30.283154 
30.339075  30.283154 
30.350061  30.283154 
30.350061  30.283154 
30.355555  30.277660 
30.366541  30.277660 
30.372034  30.277660 
30.377527  30.272167 
30.383020  30.272167 
30.388514  30.272167 
30.394007  30.272167 
30.399500  30.266674 
30.404993  30.266674 
30.404993  30.266674 
30.410486  30.266674 
30.415979  30.266674 
30.426966  30.266674 
30.426966  30.266674 
30.432459  30.266674 
30.437952  30.266674 
30.443445  30.266674 
30.448938  30.266674 
30.454432  30.266674 
30.459925  30.266674 
30.465418  30.266674 
30.465418  30.266674 
30.476404  30.266674 
30.476404  30.266674 
30.481897  30.266674 
30.481897  30.266674 
30.487391  30.266674 
30.492884  30.266674 
30.498377  30.266674 
30.498377  30.266674 
30.503870  30.266674 
30.509363  30.266674 
30.514856  30.266674 
30.520350  30.266674 
30.525843  30.266674 
30.531336  30.266674 
30.531336  30.266674 
30.536829  30.266674 
30.542322  30.266674 
30.542322  30.266674 
30.547815  30.266674 
30.547815  30.266674 
30.553308  30.266674 
30.558802  30.266674 
30.558802  30.266674 
30.558802  30.266674 
30.564295  30.266674 
30.569788  30.266674 
30.569788  30.266674 
30.569788  30.266674 
30.569788  30.266674 
30.575281  30.266674 
30.580774  30.266674 
30.580774  30.266674 
30.580774  30.266674 
30.586267  30.266674 
30.586267  30.266674 
30.591761  30.266674 
30.597254  30.266674 
30.597254  30.266674 
30.597254  30.266674 
30.602747  30.266674 
30.602747  30.266674 
30.608240  30.266674 
30.608240  30.266674 
30.608240  30.266674 
30.608240  30.266674 
30.608240  30.266674 
30.608240  30.266674 
30.608240  30.266674 
30.613733  30.266674 
30.613733  30.266674 
30.619226  30.266674 
30.624720  30.266674 
30.619226  30.266674 
30.624720  30.266674 
30.624720  30.266674 
30.630213  30.266674 
30.630213  30.266674 
30.635706  30.266674 
30.635706  30.266674 
30.635706  30.266674 
30.641199  30.266674 
30.641199  30.266674 
30.575281  30.266674 
30.487391  30.266674 
30.366541  30.266674 
30.278650  30.266674 
30.130335  30.266674 
30.080896  30.266674 
30.075403  30.266674 
30.075403  30.266674 
30.075403  30.266674 
30.080896  30.266674 
30.080896  30.266674 
30.075403  30.266674 
30.075403  30.266674 
