0.196435  0.007141 
0.196435  0.007141 
0.196435  0.007141 
-0.166113  0.007141 
-0.297949  0.007141 
-0.336401  0.007141 
-0.319922  0.007141 
-0.237525  0.007141 
-0.292456  0.007141 
-0.330908  0.007141 
-0.319922  0.007141 
-0.248511  0.007141 
-0.292456  0.007141 
-0.319922  0.007141 
-0.281470  0.007141 
-0.259497  0.007141 
-0.297949  0.007141 
-0.292456  0.007141 
-0.254004  0.007141 
-0.292456  0.007141 
-0.254004  1.204651 
-0.259497  3.764465 
-0.319922  6.791199 
-0.363867  9.724548 
-0.396826  11.784485 
-0.462744  12.482117 
-0.473731  12.394226 
-0.468237  11.515320 
-0.374854  10.180481 
-0.374854  8.977478 
-0.347388  8.027161 
-0.347388  7.620667 
-0.336401  7.615173 
-0.358374  8.049133 
-0.336401  8.587463 
-0.341895  9.065369 
-0.336401  9.455383 
-0.341895  9.664124 
-0.347388  9.806946 
-0.347388  9.823425 
-0.347388  9.823425 
-0.347388  9.823425 
-0.341895  9.823425 
-0.325415  9.823425 
-0.325415  9.823425 
-0.319922  9.817932 
-0.314429  9.817932 
-0.314429  9.817932 
-0.314429  9.817932 
-0.292456  9.817932 
-0.286963  9.812439 
-0.286963  9.812439 
-0.286963  9.812439 
-0.281470  9.812439 
-0.281470  9.812439 
-0.281470  9.812439 
-0.281470  9.806946 
-0.275977  9.806946 
-0.275977  9.801453 
-0.275977  9.801453 
-0.264990  9.801453 
-0.259497  9.795959 
-0.259497  9.795959 
-0.254004  9.795959 
-0.254004  9.795959 
-0.254004  9.795959 
-0.248511  9.795959 
-0.254004  9.795959 
-0.254004  9.795959 
-0.243018  9.795959 
-0.237525  9.795959 
-0.243018  9.795959 
-0.221045  9.795959 
-0.210059  9.795959 
-0.210059  9.795959 
-0.210059  9.795959 
-0.210059  9.795959 
-0.210059  9.795959 
-0.210059  9.795959 
-0.210059  9.795959 
-0.193579  9.795959 
-0.193579  9.795959 
-0.193579  9.795959 
-0.193579  9.795959 
-0.188086  9.795959 
-0.188086  9.795959 
-0.188086  9.795959 
-0.188086  9.795959 
-0.188086  9.795959 
-0.188086  9.795959 
-0.188086  9.795959 
-0.188086  9.795959 
-0.188086  9.795959 
-0.182593  9.795959 
-0.182593  9.795959 
-0.182593  9.795959 
-0.188086  9.795959 
-0.177100  9.795959 
-0.171607  9.795959 
-0.171607  9.795959 
-0.171607  9.795959 
-0.182593  9.916809 
-0.166113  11.669128 
-0.160620  14.476135 
-0.155127  17.541321 
-0.177100  20.260437 
-0.237525  22.111633 
-0.237525  22.704895 
-0.204566  22.216003 
-0.210059  21.210754 
-0.193579  20.090149 
-0.177100  19.112366 
-0.210059  18.376282 
-0.182593  18.079651 
-0.215552  18.052185 
-0.199072  18.063171 
-0.215552  18.074158 
-0.193579  18.211487 
-0.210059  18.524597 
-0.188086  18.793762 
-0.199072  18.936584 
-0.188086  19.084900 
-0.193579  19.145325 
-0.182593  19.271667 
-0.199072  19.485901 
-0.188086  19.788025 
-0.193579  20.062683 
-0.177100  20.265930 
-0.182593  20.348328 
-0.177100  20.359314 
-0.182593  20.353821 
-0.177100  20.353821 
-0.177100  20.353821 
-0.171607  20.348328 
-0.166113  20.348328 
-0.166113  20.348328 
-0.166113  20.348328 
-0.160620  20.342834 
-0.160620  20.342834 
-0.160620  20.342834 
-0.155127  20.342834 
-0.155127  20.342834 
-0.149634  20.337341 
-0.149634  20.337341 
-0.144141  20.337341 
-0.144141  20.337341 
-0.144141  20.331848 
-0.144141  20.331848 
-0.138648  20.331848 
-0.133154  20.331848 
-0.127661  20.331848 
-0.133154  20.326355 
-0.133154  20.326355 
-0.127661  20.326355 
-0.127661  20.326355 
-0.122168  20.326355 
-0.122168  20.326355 
-0.116675  20.320862 
-0.116675  20.320862 
-0.116675  20.320862 
-0.116675  20.320862 
-0.116675  20.320862 
-0.116675  20.320862 
-0.111182  20.320862 
-0.105689  20.320862 
-0.111182  20.320862 
-0.111182  20.320862 
-0.111182  20.320862 
-0.111182  20.320862 
-0.111182  20.320862 
-0.111182  20.320862 
-0.111182  20.320862 
-0.111182  20.320862 
-0.111182  20.320862 
-0.105689  20.320862 
-0.100195  20.320862 
-0.100195  20.320862 
-0.105689  20.320862 
-0.105689  20.320862 
-0.105689  20.320862 
-0.100195  20.320862 
-0.100195  20.320862 
-0.100195  20.320862 
-0.100195  20.320862 
-0.105689  20.320862 
-0.122168  20.606506 
-0.133154  22.573059 
-0.138648  25.511902 
-0.160620  28.527649 
-0.171607  31.054504 
-0.199072  33.032043 
-0.177100  33.394592 
-0.166113  32.449768 
-0.171607  31.027039 
-0.149634  29.664734 
-0.078223  28.555115 
-0.067236  28.148621 
-0.072730  28.104675 
-0.061743  28.126648 
-0.067236  28.362854 
-0.067236  28.621033 
-0.072730  28.791321 
-0.056250  29.027527 
-0.061743  29.192322 
-0.045264  29.252747 
-0.050757  29.258240 
-0.045264  29.274719 
-0.039771  29.274719 
-0.039771  29.285706 
-0.034277  29.285706 
-0.034277  29.291199 
-0.034277  29.307678 
-0.034277  29.307678 
-0.034277  29.346130 
-0.039771  29.423035 
-0.039771  29.445007 
-0.039771  29.450500 
-0.039771  29.450500 
-0.039771  29.450500 
-0.039771  29.450500 
-0.039771  29.450500 
-0.034277  29.450500 
-0.045264  29.445007 
-0.039771  29.445007 
-0.039771  29.445007 
-0.039771  29.445007 
-0.039771  29.445007 
-0.039771  29.445007 
-0.045264  29.445007 
-0.045264  29.445007 
-0.045264  29.439514 
-0.045264  29.439514 
-0.045264  29.439514 
-0.045264  29.439514 
-0.050757  29.439514 
-0.050757  29.439514 
-0.050757  29.434021 
-0.050757  29.434021 
-0.050757  29.434021 
-0.050757  29.434021 
-0.050757  29.434021 
-0.050757  29.434021 
-0.050757  29.434021 
-0.050757  29.434021 
-0.045264  29.434021 
-0.045264  29.434021 
-0.045264  29.434021 
-0.045264  29.434021 
-0.045264  29.434021 
-0.045264  29.434021 
-0.045264  29.434021 
-0.045264  29.434021 
-0.045264  29.434021 
-0.039771  29.434021 
-0.039771  29.434021 
-0.039771  29.434021 
-0.039771  29.434021 
-0.039771  29.434021 
-0.034277  29.434021 
-0.034277  29.434021 
-0.034277  29.434021 
-0.034277  29.434021 
-0.034277  29.434021 
-0.039771  29.434021 
-0.039771  29.434021 
-0.039771  29.434021 
-0.039771  29.434021 
-0.039771  29.434021 
-0.039771  29.434021 
-0.039771  29.434021 
-0.039771  29.434021 
-0.039771  29.434021 
-0.045264  29.434021 
-0.045264  29.450500 
-0.045264  29.483459 
-0.045264  29.604309 
-0.039771  29.653748 
-0.039771  29.659241 
-0.039771  29.659241 
-0.039771  29.659241 
-0.039771  29.659241 
-0.039771  29.659241 
-0.034277  29.659241 
-0.034277  29.659241 
-0.034277  29.659241 
-0.034277  29.664734 
-0.039771  29.664734 
-0.039771  29.664734 
-0.034277  29.659241 
-0.034277  29.659241 
-0.034277  29.664734 
-0.034277  29.664734 
-0.034277  29.664734 
-0.034277  29.664734 
-0.034277  29.664734 
-0.034277  29.664734 
-0.034277  29.664734 
-0.039771  29.659241 
-0.039771  29.659241 
-0.039771  29.659241 
-0.039771  29.659241 
-0.039771  29.659241 
-0.039771  29.653748 
-0.034277  29.653748 
-0.039771  29.653748 
-0.039771  29.653748 
-0.039771  29.653748 
-0.039771  29.653748 
-0.039771  29.653748 
-0.034277  29.653748 
-0.039771  29.653748 
-0.039771  29.653748 
-0.039771  29.653748 
-0.039771  29.664734 
-0.039771  29.780090 
-0.045264  29.972351 
-0.045264  30.170105 
-0.045264  30.378845 
-0.039771  30.604065 
-0.039771  30.691956 
-0.039771  30.697449 
-0.039771  30.697449 
-0.039771  30.691956 
-0.039771  30.691956 
-0.039771  30.686462 
-0.039771  30.686462 
-0.039771  30.686462 
-0.034277  30.680969 
-0.039771  30.680969 
-0.039771  30.680969 
-0.039771  30.680969 
-0.039771  30.675476 
-0.034277  30.675476 
-0.034277  30.675476 
-0.034277  30.669983 
-0.034277  30.669983 
-0.034277  30.669983 
-0.034277  30.664490 
-0.034277  30.664490 
-0.034277  30.664490 
-0.034277  30.664490 
-0.034277  30.658997 
-0.034277  30.653503 
-0.034277  30.653503 
-0.034277  30.653503 
-0.034277  30.648010 
-0.034277  30.642517 
-0.034277  30.642517 
-0.039771  30.637024 
-0.039771  30.637024 
-0.039771  30.637024 
-0.034277  30.631531 
-0.039771  30.631531 
-0.039771  30.631531 
-0.039771  30.626038 
0.020654  30.071228 
0.031641  27.357605 
0.031641  23.386047 
0.015161  18.843201 
0.108545  14.025696 
0.157983  9.142273 
0.273340  4.176453 
0.278833  -0.860779 
0.256860  -5.837585 
0.229394  -10.374939 
0.317285  -13.110535 
0.267847  -13.714783 
0.295312  -12.066833 
0.234888  -9.073059 
0.212915  -5.447571 
0.223901  -1.756165 
0.212915  1.429871 
0.218408  3.248108 
0.218408  3.160217 
0.218408  1.808899 
0.256860  -0.086243 
0.234888  -2.019836 
0.196435  -3.437073 
0.196435  -3.887512 
0.157983  -3.667786 
0.157983  -2.854797 
0.125024  -1.794617 
0.136011  -0.712463 
0.086572  0.051086 
0.103052  0.649841 
0.075586  1.017883 
0.075586  1.083801 
0.064600  1.072815 
0.075586  0.919006 
0.059106  0.704773 
0.059106  0.583923 
0.064600  0.561951 
0.048120  0.556458 
0.053613  0.556458 
0.048120  0.550964 
0.037134  0.550964 
0.031641  0.545471 
0.015161  0.539978 
0.009668  0.539978 
0.004175  0.539978 
-0.001318  0.534485 
-0.028784  0.523499 
-0.034277  0.523499 
-0.034277  0.518005 
-0.039771  0.518005 
-0.039771  0.512512 
-0.078223  0.496033 
-0.078223  0.496033 
-0.078223  0.496033 
-0.078223  0.490540 
-0.083716  0.490540 
-0.083716  0.485046 
-0.089209  0.485046 
-0.089209  0.485046 
-0.094702  0.479553 
-0.166113  0.265320 
-0.166113  0.073059 
-0.160620  0.007141 
-0.155127  -0.097229 
-0.160620  -0.190613 
-0.160620  -0.294983 
-0.160620  -0.344421 
-0.160620  -0.344421 
-0.166113  -0.344421 
-0.166113  -0.344421 
-0.166113  -0.349915 
-0.166113  -0.349915 
-0.166113  -0.349915 
-0.171607  -0.349915 
-0.171607  -0.349915 
-0.177100  -0.349915 
-0.182593  -0.355408 
-0.182593  -0.355408 
-0.182593  -0.355408 
-0.182593  -0.355408 
-0.188086  -0.355408 
-0.188086  -0.360901 
-0.193579  -0.360901 
-0.193579  -0.360901 
-0.193579  -0.360901 
-0.193579  -0.360901 
-0.199072  -0.366394 
-0.199072  -0.371887 
-0.199072  -0.371887 
-0.199072  -0.371887 
-0.199072  -0.371887 
-0.204566  -0.371887 
-0.199072  -0.371887 
-0.199072  -0.371887 
-0.199072  -0.377380 
-0.204566  -0.377380 
-0.204566  -0.377380 
-0.204566  -0.377380 
-0.204566  -0.377380 
-0.204566  -0.382874 
-0.210059  -0.382874 
-0.210059  -0.382874 
-0.215552  -0.382874  
-0.221045  -0.382874 
-0.221045  -0.382874 
-0.221045  -0.382874 
-0.221045  -0.382874 
-0.221045  -0.382874 
-0.221045  -0.382874 
0.630395  -0.382874 
2.531030  -0.371887 
5.162256  -0.355408 
7.804468  -0.371887 
10.232447  -0.393860 
12.198999  -0.410339 
13.116358  -0.410339 
13.187769  -0.399353 
12.720850  -0.399353 
11.721094  -0.399353 
10.754297  -0.393860 
9.864405  -0.393860 
9.128321  -0.388367 
8.864649  -0.382874 
8.820704  -0.388367 
8.919580  -0.399353 
9.106348  -0.399353 
9.424952  -0.399353 
9.803980  -0.404846 
9.963282  -0.415833 
9.891870  -0.410339 
9.891870  -0.415833 
10.029200  -0.421326 
9.957788  -0.421326 
9.908350  -0.421326 
10.007227  -0.421326 
9.946802  -0.421326 
9.952295  -0.421326 
9.974268  -0.426819 
9.985254  -0.426819 
9.968775  -0.426819 
9.968775  -0.426819 
9.963282  -0.426819 
9.963282  -0.426819 
9.941309  -0.432312 
9.963282  -0.432312 
9.946802  -0.432312 
9.957788  -0.443298 
9.957788  -0.443298 
9.963282  -0.443298 
9.957788  -0.448792 
9.952295  -0.448792 
9.952295  -0.448792 
9.952295  -0.454285 
9.952295  -0.454285 
9.952295  -0.459778 
9.946802  -0.459778 
9.946802  -0.459778 
9.941309  -0.459778 
9.941309  -0.459778 
9.941309  -0.459778 
9.941309  -0.459778 
9.941309  -0.459778 
9.941309  -0.459778 
9.941309  -0.459778 
9.946802  -0.459778 
9.946802  -0.459778 
9.941309  -0.459778 
9.941309  -0.459778 
9.941309  -0.459778 
9.941309  -0.459778 
9.941309  -0.459778 
9.935816  -0.459778 
9.935816  -0.459778 
9.935816  -0.459778 
9.935816  -0.459778 
9.941309  -0.459778 
9.941309  -0.459778 
9.935816  -0.459778 
9.935816  -0.459778 
9.941309  -0.459778 
9.935816  -0.459778 
9.935816  -0.459778 
9.935816  -0.459778 
9.935816  -0.459778 
9.935816  -0.459778 
9.941309  -0.459778 
9.941309  -0.459778 
9.941309  -0.459778 
9.941309  -0.459778 
9.941309  -0.459778 
9.935816  -0.459778 
9.935816  -0.459778 
9.941309  -0.459778 
9.935816  -0.459778 
9.935816  -0.459778 
9.935816  -0.459778 
9.935816  -0.459778 
9.935816  -0.459778 
9.935816  -0.459778 
9.935816  -0.459778 
9.935816  -0.459778 
9.935816  -0.459778 
9.935816  -0.459778 
9.935816  -0.459778 
9.935816  -0.459778 
9.930323  -0.459778 
9.924829  -0.459778 
9.924829  -0.459778 
9.919336  -0.459778 
9.919336  -0.459778 
9.919336  -0.459778 
9.919336  -0.459778 
9.919336  -0.459778 
9.919336  -0.459778 
9.919336  -0.459778 
9.919336  -0.459778 
9.919336  -0.459778 
9.913843  -0.459778 
9.919336  -0.459778 
9.919336  -0.459778
9.908350  -0.459778 
9.913843  -0.459778 
9.913843  -0.459778 
9.913843  -0.459778 
9.913843  -0.459778 
9.919336  -0.459778 
9.919336  -0.459778 
9.913843  -0.459778 
9.919336  -0.459778 
9.919336  -0.459778 
9.919336  -0.459778 
9.919336  -0.459778 
9.798487  -0.459778 
10.490625  -0.459778 
12.056177  -0.448792 
14.352320  -0.437805 
17.076929  -0.470764 
19.499414  -0.498230 
21.647242  -0.514709 
22.910669  -0.520203 
23.256739  -0.520203 
22.850245  -0.520203 
21.921900  -0.514709 
20.916651  -0.503723 
19.861963  -0.498230 
19.054468  -0.492737 
18.664454  -0.492737 
18.675440  -0.498230 
18.724878  -0.503723 
19.048975  -0.509216 
19.373072  -0.509216 
19.697168  -0.514709 
19.889429  -0.514709 
19.949854  -0.520203 
19.971827  -0.547668 
19.966333  -0.723450 
19.955347  -0.915710 
19.966333  -0.954163 
19.966333  -0.954163 
19.955347  -0.954163 
19.955347  -0.954163 
19.955347  -0.954163 
19.955347  -0.954163 
19.949854  -0.954163 
19.949854  -0.954163 
19.949854  -0.954163 
19.949854  -0.954163 
19.944361  -0.915710 
19.944361  -0.723450 
19.938868  -0.542175 
19.933374  -0.273010 
19.927881  0.111511 
19.922388  0.512512 
19.922388  0.781677 
19.916895  0.875061 
19.916895  0.880554 
19.916895  0.880554 
19.911402  0.880554 
19.911402  0.880554 
19.900415  0.886047 
19.900415  0.886047 
19.900415  0.886047 
19.900415  0.886047 
19.900415  0.886047 
19.894922  0.886047 
19.894922  0.886047 
19.894922  0.886047 
19.894922  0.886047 
19.894922  0.886047 
19.883936  0.891541 
19.883936  0.891541 
19.883936  0.891541 
19.883936  0.891541 
19.883936  0.891541 
19.883936  0.891541 
19.883936  0.891541 
19.883936  0.891541 
19.883936  0.891541 
19.883936  0.891541 
19.883936  0.891541 
19.878443  0.891541 
19.878443  0.891541 
19.883936  0.891541 
19.878443  0.891541 
19.878443  0.891541 
19.878443  0.891541 
19.878443  0.891541 
19.878443  0.891541 
19.878443  0.891541 
19.867456  0.891541 
19.867456  0.891541 
19.867456  0.891541 
19.867456  0.891541 
19.867456  0.891541 
19.867456  0.891541 
19.867456  0.891541 
19.867456  0.891541 
19.867456  0.891541 
19.867456  0.891541 
19.867456  0.891541 
19.867456  0.891541 
19.867456  0.891541 
19.861963  0.891541 
19.867456  0.891541 
19.872950  0.891541 
19.872950  0.891541 
19.872950  0.891541 
19.878443  0.891541 
19.878443  0.891541 
19.878443  0.891541 
19.872950  0.891541 
19.872950  0.891541 
19.867456  0.891541 
19.872950  0.891541 
19.872950  0.891541 
19.872950  0.891541 
19.878443  0.891541 
19.878443  0.891541 
19.883936  0.891541 
19.883936  0.891541 
19.883936  0.891541 
19.883936  0.891541 
19.878443  0.891541 
19.878443  0.891541 
19.807032  0.880554 
20.636499  0.886047 
22.377832  0.897034 
24.728907  0.875061 
27.552393  0.820129 
30.266016  0.748718 
32.600609  0.715759 
34.105736  0.682800 
34.737450  0.671814 
34.523216  0.682800 
33.787132  0.699280 
32.600609  0.721252 
31.320704  0.743225 
30.073755  0.754211 
29.139917  0.770691 
28.826807  0.770691 
28.793848  0.765198 
28.925684  0.759705 
29.227808  0.754211 
29.513453  0.748718 
29.799097  0.743225 
29.996851  0.743225 
30.123194  0.737732 
30.139673  0.743225 
30.134180  0.743225 
30.117701  0.743225 
30.106714  0.743225 
30.095728  0.743225 
30.090235  0.743225 
30.079248  0.743225 
30.068262  0.748718 
30.057276  0.748718 
30.046289  0.748718 
30.040796  0.748718 
30.029810  0.748718 
30.018824  0.748718 
30.013330  0.748718 
30.002344  0.748718 
29.996851  0.748718 
29.985865  0.748718 
29.974878  0.754211 
29.963892  0.754211 
29.952906  0.754211 
29.947412  0.754211 
29.936426  0.754211 
29.930933  0.754211 
29.925440  0.754211 
29.843042  0.754211 
29.837549  0.759705 
29.832056  0.759705 
29.821070  0.759705 
29.821070  0.759705 
29.810083  0.759705 
29.716700  0.759705 
29.711206  0.759705 
29.711206  0.759705 
29.705713  0.759705 
29.705713  0.759705 
29.705713  0.759705 
29.700220  0.759705 
29.700220  0.759705 
29.694727  0.759705 
29.689234  0.759705 
29.689234  0.759705 
29.689234  0.759705 
29.617823  0.759705 
29.617823  0.759705 
29.617823  0.759705 
29.617823  0.759705 
29.617823  0.759705 
29.612329  0.759705 
29.606836  0.759705 
29.606836  0.759705 
29.584864  0.759705 
29.584864  0.759705 
29.584864  0.759705 
29.584864  0.759705 
29.579370  0.759705 
29.579370  0.759705 
29.584864  0.759705 
29.584864  0.759705 
29.551905  0.759705 
29.551905  0.759705 
29.551905  0.759705 
29.551905  0.759705 
29.551905  0.759705 
29.546412  0.611389 
29.546412  0.583923 
29.551905  0.485046 
29.551905  0.468567 
29.551905  0.463074 
29.551905  0.463074 
29.546412  0.463074 
29.546412  0.463074 
29.546412  0.463074 
29.546412  0.468567 
29.546412  0.468567 
29.546412  0.474060 
29.551905  0.474060 
29.546412  0.474060 
29.546412  0.474060 
29.546412  0.474060 
29.546412  0.474060 
29.546412  0.474060 
29.546412  0.485046 
29.546412  0.490540 
29.546412  0.485046 
29.546412  0.485046 
29.535425  0.490540 
29.540918  0.490540 
29.540918  0.490540 
29.485987  0.518005 
27.563379  0.523499 
24.146631  0.550964 
19.861963  0.578430 
15.225733  0.611389 
10.342310  0.622375 
5.370996  0.627869 
0.372217  0.600403 
-4.439795  0.578430 
-8.795874  0.534485 
-12.728979  0.496033 
-15.069067  0.485046 
-15.508520  0.479553 
-14.228613  0.507019 
-11.954443  0.539978 
-9.158422  0.572937 
-6.054785  0.600403 
-2.901709  0.622375 
0.366724  0.633362 
3.118799  0.633362 
5.189722  0.655334 
5.920312  0.655334 
5.876367  0.655334 
4.926050  0.644348 
3.442895  0.633362 
0.932519  0.627869 
-0.633032  0.627869 
-1.852515  0.627869 
-2.341406  0.622375 
-2.363379  0.622375 
-1.879981  0.627869 
-1.193335  0.633362 
-0.270483  0.633362 
0.416162  0.633362 
0.970972  0.638855 
1.141260  0.638855 
1.102808  0.644348 
0.970972  0.644348 
0.723779  0.644348 
0.388696  0.644348 
0.119531  0.644348 
-0.023291  0.644348 
-0.056250  0.644348 
-0.061743  0.644348 
-0.056250  0.644348 
-0.050757  0.644348 
-0.056250  0.644348 
-0.050757  0.644348 
-0.061743  0.644348 
-0.050757  0.644348 
-0.056250  0.644348 
-0.056250  0.644348 
-0.050757  0.649841 
-0.056250  0.644348 
-0.050757  0.649841 
-0.050757  0.649841 
-0.050757  0.649841 
-0.045264  0.649841 
-0.039771  0.649841 
-0.039771  0.649841 
-0.039771  0.649841 
-0.045264  0.649841 
-0.039771  0.655334 
-0.039771  0.655334 
-0.039771  0.655334 
-0.039771  0.655334 
-0.045264  0.655334 
-0.039771  0.660828 
-0.034277  0.660828 
-0.034277  0.660828 
-0.034277  0.660828 
-0.039771  0.660828 
-0.034277  0.660828 
-0.034277  0.660828 
-0.028784  0.660828 
-0.023291  0.660828 
-0.028784  0.660828 
-0.028784  0.660828 
-0.028784  0.660828 
-0.023291  0.660828 
-0.023291  0.660828 
-0.023291  0.660828 
-0.023291  0.660828 
-0.028784  0.660828 
-0.006812  0.660828 
-0.006812  0.660828 
-0.006812  0.660828 
-0.006812  0.660828 
-0.001318  0.660828 
-0.001318  0.660828 
-0.001318  0.660828 
-0.001318  0.660828 
-0.001318  0.660828 
-0.001318  0.660828 
0.004175  0.660828 
-0.001318  0.660828 
-0.001318  0.660828 
-0.006812  0.660828 
-0.001318  0.660828 
-0.001318  0.660828 
-0.001318  0.660828 
-0.001318  0.660828 
-0.001318  0.660828 
-0.001318  0.660828 
-0.001318  0.660828 
-0.001318  0.660828 
0.004175  0.660828 
0.004175  0.660828 
0.009668  0.660828 
0.009668  0.660828 
0.009668  0.660828 
0.004175  0.660828 
0.004175  0.660828 
0.009668  0.660828 
0.009668  0.660828 
0.009668  0.660828 
0.009668  0.660828 
0.004175  0.660828 
-0.001318  0.660828 
-0.001318  0.660828 
-0.001318  0.660828 
-0.001318  0.660828 
-0.001318  0.660828 
-0.006812  0.660828 
-0.001318  0.660828 
-0.001318  0.660828 
-0.006812  0.660828 
-0.001318  0.660828 
-0.001318  0.660828 
-0.001318  0.660828 
0.004175  0.660828 
0.004175  0.660828 
-0.001318  0.660828 
0.009668  0.660828 
0.009668  0.660828 
0.009668  0.660828 
0.564477  1.880310 
2.075098  4.297302 
4.420679  6.846130 
7.227685  8.757751 
9.567774  10.054138 
11.429956  10.312317 
12.325342  9.916809 
12.347315  9.466370 
9.919336  9.114807 
9.924829  9.114807 
9.946802  9.114807 
9.968775  9.114807 
9.974268  9.114807 
9.990747  9.114807 
10.012720  9.114807 
10.023706  9.114807 
10.040186  9.114807 
10.221460  9.120300 
10.226954  9.120300 
10.232447  9.125793 
10.243433  9.125793 
10.254419  9.125793 
10.265406  9.125793 
10.276392  9.125793 
10.287378  9.125793 
10.292871  9.125793 
10.303858  9.125793 
10.309351  9.125793 
10.314844  9.125793 
10.325830  9.125793 
10.424707  9.125793 
10.430201  9.125793 
10.435694  9.125793 
10.435694  9.125793 
10.441187  9.125793 
10.452173  9.125793 
10.463160  9.125793 
10.468653  9.125793 
10.474146  9.125793 
10.479639  9.125793 
10.485132  9.125793 
10.490625  9.125793 
10.490625  9.125793 
10.616968  9.125793 
10.622461  9.125793 
10.622461  9.125793
10.243433  9.125793 
10.237940  9.125793 
10.243433  9.125793 
10.248926  9.125793 
10.243433  9.125793 
10.243433  9.125793 
10.243433  9.125793 
10.243433  9.125793 
10.243433  9.125793 
10.237940  9.125793 
10.232447  9.125793 
10.237940  9.125793 
10.237940  9.125793 
10.243433  9.125793 
10.237940  9.125793 
10.243433  9.125793 
10.243433  9.125793 
10.243433  9.125793 
10.254419  9.125793 
10.254419  9.125793 
10.265406  9.125793 
10.265406  9.125793 
10.265406  9.125793 
10.265406  9.125793 
10.265406  9.125793 
10.276392  9.125793 
10.276392  9.125793 
10.276392  9.125793 
10.276392  9.125793 
10.276392  9.125793 
10.276392  9.125793 
10.281885  9.125793 
10.281885  9.125793 
10.281885  9.125793 
10.281885  9.125793 
10.287378  9.125793 
10.397242  9.779480 
11.710108  12.048157 
13.797510  14.871643 
16.346338  17.777527 
18.944605  20.370300 
21.334131  22.369812 
23.031519  23.188293 
23.773096  22.968567 
23.789576  21.924866 
23.168848  20.606506 
22.147120  19.084900 
20.955103  17.755554 
19.774073  16.783264 
18.779810  16.382263 
18.307398  16.569031 
18.225000  17.228210 
18.312891  17.953308 
18.560083  18.887146 
19.016016  19.705627 
19.515894  20.254944 
19.867456  20.507629 
20.103662  20.540588 
20.114649  20.546082 
20.120142  20.551575 
20.120142  20.551575 
20.125635  20.551575 
20.125635  20.551575 
20.125635  20.551575 
20.131128  20.551575 
20.142115  20.551575 
20.142115  20.551575 
20.136621  20.551575 
20.142115  20.551575 
20.147608  20.551575 
20.153101  20.551575 
20.158594  20.551575 
20.158594  20.551575 
20.158594  20.551575 
20.158594  20.551575 
20.164087  20.551575 
20.169580  20.551575 
20.169580  20.557068 
20.175074  20.557068 
20.175074  20.557068 
20.175074  20.557068 
20.180567  20.557068 
20.180567  20.557068 
20.180567  20.557068 
20.180567  20.557068 
20.180567  20.557068 
20.186060  20.557068 
20.186060  20.557068 
20.186060  20.557068 
20.186060  20.557068 
20.186060  20.557068 
20.191553  20.557068 
20.191553  20.557068 
20.197046  20.557068 
20.197046  20.557068 
20.197046  20.557068 
20.202539  20.557068 
20.202539  20.562561 
20.208033  20.562561 
20.208033  20.562561 
20.208033  20.562561 
20.208033  20.562561 
20.208033  20.562561 
20.208033  20.562561 
20.208033  20.562561 
20.213526  20.562561 
20.213526  20.562561 
20.213526  20.562561 
20.213526  20.562561 
20.213526  20.562561 
20.213526  20.562561 
20.213526  20.562561 
20.213526  20.562561 
20.213526  20.562561 
20.262964  20.562561 
20.268457  20.562561 
20.268457  20.562561 
20.273951  20.562561 
20.273951  20.562561 
20.279444  20.562561 
20.279444  20.562561 
20.279444  20.562561 
20.279444  20.562561 
20.279444  20.562561 
20.279444  20.562561 
20.279444  20.562561 
20.284937  20.562561 
20.284937  20.562561 
20.279444  20.562561 
20.279444  20.562561 
20.284937  20.562561 
20.284937  20.562561 
20.284937  20.562561 
20.284937  20.562561 
20.279444  20.562561 
20.273951  20.562561 
20.273951  20.562561 
20.273951  20.562561 
20.273951  20.562561 
20.273951  20.562561 
20.273951  20.562561 
20.273951  20.562561 
20.273951  20.562561 
20.273951  20.562561 
20.279444  20.562561 
20.279444  20.562561  
20.273951  20.562561 
20.273951  20.562561 
20.279444  20.562561 
20.279444  20.562561 
20.279444  20.562561 
20.279444  20.562561 
20.273951  20.562561 
20.279444  20.562561 
20.279444  20.562561 
20.279444  20.562561 
20.273951  20.562561 
20.246485  20.562561 
21.185816  22.248962 
23.053492  25.012024 
25.421045  27.692688 
28.217066  30.071228 
30.623072  31.400574 
32.507225  31.768616 
33.506981  31.367615 
33.638817  30.702942 
33.133446  30.021790 
32.303978  29.521912 
31.227320  29.214294 
30.183619  29.087952 
29.277246  29.076965 
28.914698  29.076965 
28.865259  29.071472 
29.035547  29.060486 
29.387110  29.054993 
29.727686  29.049500 
30.046289  29.049500 
30.156153  29.054993 
30.161646  29.054993 
30.161646  29.054993 
30.161646  29.054993 
30.167139  29.054993 
30.161646  29.054993 
30.167139  29.054993 
30.161646  29.060486 
30.167139  29.060486 
30.167139  29.060486 
30.167139  29.060486 
30.161646  29.060486 
30.161646  29.060486 
30.167139  29.065979 
30.167139  29.060486 
30.167139  29.065979 
30.172632  29.065979 
30.172632  29.065979 
30.178125  29.065979 
30.178125  29.065979 
30.178125  29.065979 
30.178125  29.065979 
30.183619  29.065979 
30.183619  29.065979 
30.183619  29.065979 
30.189112  29.065979 
30.189112  29.065979 
30.183619  29.065979 
30.183619  29.065979 
30.183619  29.065979
30.189112  29.065979 
30.189112  29.065979 
30.189112  29.065979 
30.189112  29.065979 
30.183619  29.192322 
30.183619  29.192322 
30.183619  29.192322 
30.183619  29.192322 
30.183619  29.192322 
30.183619  29.197815 
30.183619  29.197815 
30.183619  29.197815 
30.183619  29.197815 
30.183619  29.197815 
30.183619  29.197815 
30.178125  29.208801 
30.178125  29.208801 
30.178125  29.208801 
30.178125  29.214294 
30.178125  29.214294 
30.178125  29.219788 
30.178125  29.219788 
30.178125  29.225281 
30.183619  29.230774 
30.178125  29.269226 
30.178125  29.346130 
30.178125  29.362610 
30.189112  29.368103 
30.194605  29.373596 
30.189112  29.368103 
30.189112  29.368103 
30.189112  29.368103 
30.189112  29.373596 
30.194605  29.373596 
30.194605  29.373596 
30.194605  29.373596 
30.194605  29.373596 
30.194605  29.373596 
30.194605  29.373596 
30.200098  29.379089 
30.200098  29.379089 
30.200098  29.379089 
30.200098  29.384583 
30.205591  29.384583 
30.205591  29.384583 
30.205591  29.384583 
30.205591  29.384583 
30.205591  29.390076 
30.205591  29.390076 
30.205591  29.390076 
30.211084  29.390076 
30.211084  29.390076 
30.211084  29.390076 
30.211084  29.390076 
30.211084  29.390076 
30.211084  29.390076 
30.211084  29.390076 
30.205591  29.390076 
27.706202  26.698425 
24.207056  22.820251 
19.894922  18.249939 
15.236719  13.437927 
10.358789  8.521545 
5.360010  3.550232 
0.295312  -1.404602 
-4.692481  -6.370422 
-9.526464  -10.951721 
-13.767187  -13.736755 
-16.700537  -13.478577 
-17.584936  -10.896790 
-16.272070  -7.392151 
-13.931982  -3.420593 
-10.872290  0.441101 
-7.483008  3.918274 
-3.747656  5.769470 
-0.155127  5.791443 
3.382471  4.396179 
6.271875  2.100037 
7.936304  -0.311462 
8.073633  -2.283508 
6.887109  -3.470032 
4.953516  -3.426086 
2.739770  -2.536194 
0.438135  -1.366150 
-1.610816  -0.207092 
-3.066504  0.825623 
-3.489478  1.479309 
-3.291724  1.803406 
-2.528174  1.863831 
-1.385596  1.753967 
-0.127661  1.330994 
1.135767  0.754211 
1.882837  0.182922 
2.102563  -0.207092 
1.954248  -0.316956 
1.553247  -0.311462 
1.020410  -0.300476 
0.482080  -0.300476 
0.086572  -0.294983 
-0.083716  -0.294983 
-0.072730  -0.294983 
-0.050757  -0.294983 
-0.028784  -0.294983 
-0.001318  -0.294983 
0.015161  -0.289490 
0.190942  -0.289490 
0.207422  -0.289490 
0.223901  -0.289490 
0.240381  -0.289490 
0.256860  -0.289490 
0.278833  -0.289490 
0.289819  -0.289490 
0.306299  -0.283997 
0.317285  -0.283997 
0.427148  -0.283997 
0.438135  -0.283997 
0.663354  -0.278503 
-0.319922  -0.278503 
-0.308936  -0.278503 
-0.314429  -0.278503 
-0.303442  -0.278503 
-0.297949  -0.278503 
-0.232031  -0.278503 
-0.232031  -0.278503 
-0.226538  -0.278503 
-0.221045  -0.278503 
-0.215552  -0.278503 
-0.210059  -0.278503 
-0.204566  -0.278503 
-0.199072  -0.278503 
-0.199072  -0.278503 
-0.193579  -0.278503 
-0.193579  -0.278503 
-0.188086  -0.278503 
-0.188086  -0.278503 
-0.182593  -0.278503 
-0.182593  -0.278503 
-0.177100  -0.278503 
-0.171607  -0.278503 
-0.171607  -0.278503
-0.127661  -0.278503 
-0.127661  -0.278503 
-0.127661  -0.278503 
-0.122168  -0.278503 
-0.116675  -0.278503 
-0.116675  -0.278503 
-0.111182  -0.278503 
-0.111182  -0.278503 
-0.105689  -0.278503 
-0.105689  -0.278503 
-0.050757  -0.278503 
-0.045264  -0.278503 
-0.045264  -0.278503 
-0.045264  -0.278503 
-0.045264  -0.278503 
-0.045264  -0.278503 
-0.045264  -0.278503 
-0.039771  -0.278503 
-0.045264  -0.278503 
-0.045264  -0.278503 
-0.045264  -0.278503 
-0.045264  -0.278503 
-0.045264  -0.278503 
-0.045264  -0.278503 
-0.039771  -0.278503 
-0.039771  -0.278503 
-0.039771  -0.278503 
-0.039771  -0.278503 
-0.039771  -0.278503 
-0.039771  -0.278503 
-0.039771  -0.278503 
-0.039771  -0.278503 
0.174463  -1.140930 
1.437891  -3.541443 
3.695581  -6.342957 
6.359766  -9.106018 
8.969019  -11.594421 
11.396997  -12.720520 
13.127344  -12.698547 
13.781031  -11.709778 
13.605249  -10.270569 
12.742823  -8.814880 
11.413477  -7.776672 
10.056665  -7.095520 
8.837183  -6.925232 
8.002222  -7.199890 
7.705591  -7.952454 
7.722070  -8.963196 
8.117579  -9.946472 
8.864649  -10.457336 
9.611719  -10.693542 
10.336817  -10.753967 
10.688379  -10.764954 
10.748804  -10.764954 
10.721338  -10.753967 
10.649927  -10.753967 
10.391748  -10.753967 
10.144556  -10.753967 
9.842432  -10.753967 
9.776514  -10.753967 
9.771021  -10.753967 
9.771021  -10.753967 
9.782007  -10.759460 
9.787500  -10.759460 
9.782007  -10.759460 
9.782007  -10.759460 
9.782007  -10.759460 
9.776514  -10.759460 
9.776514  -10.759460 
9.771021  -10.759460 
9.771021  -10.759460 
9.765528  -10.759460 
9.765528  -10.759460 
9.760035  -10.753967 
9.760035  -10.753967 
9.754541  -10.753967
9.721582  -10.501282 
9.721582  -10.501282 
9.710596  -10.501282 
9.710596  -10.501282 
9.710596  -10.501282 
9.710596  -10.501282 
9.705103  -10.501282 
9.705103  -10.501282 
9.705103  -10.501282 
9.705103  -10.501282 
9.705103  -10.501282 
9.705103  -10.501282 
9.705103  -10.501282 
9.699610  -10.501282 
9.705103  -10.501282 
9.699610  -10.501282 
9.699610  -10.501282 
9.694117  -10.501282 
9.694117  -10.501282 
9.694117  -10.501282 
9.694117  -10.501282 
9.688623  -10.501282 
9.688623  -10.501282 
9.688623  -10.501282 
9.688623  -10.501282 
9.688623  -10.501282 
9.694117  -10.501282 
9.694117  -10.501282 
9.694117  -10.501282 
9.694117  -10.501282 
9.688623  -10.501282 
9.688623  -10.501282 
9.688623  -10.501282 
9.688623  -10.501282 
9.688623  -10.501282 
9.688623  -10.501282 
9.694117  -10.501282 
9.694117  -10.501282 
9.688623  -10.501282 
9.688623  -10.501282 
9.688623  -10.501282 
9.688623  -10.501282 
9.683130  -10.133240 
9.677637  -10.133240 
9.683130  -10.133240 
9.683130  -10.133240 
9.683130  -10.133240 
9.688623  -10.133240 
9.683130  -10.133240 
9.688623  -10.133240 
9.688623  -10.133240 
9.688623  -10.133240 
9.688623  -10.133240 
9.694117  -10.127747 
9.694117  -10.127747 
9.694117  -10.127747 
9.694117  -10.127747 
9.688623  -10.127747 
9.688623  -10.127747 
9.694117  -10.133240 
9.694117  -10.133240 
9.721582  -10.133240 
9.315088  -9.023621 
7.584741  -6.562683 
5.349023  -3.645813 
2.838647  -0.800354 
0.333765  1.336487 
-1.847022  2.391174 
-3.516943  2.363708 
-4.159644  1.545227 
-4.110205  0.479553 
-3.429053  -0.761902 
-2.308447  -1.838562 
-0.995581  -2.541687 
0.509546  -2.744934 
1.553247  -2.717468 
2.245386  -2.305481 
2.399194  -1.651794 
2.091577  -1.042053 
1.426904  -0.514709 
0.778711  -0.091736 
0.245874  0.160950 
-0.171607  0.210388 
-0.259497  0.215881 
-0.270483  0.215881 
-0.259497  0.215881 
-0.248511  0.215881 
-0.226538  0.215881 
-0.094702  0.215881 
-0.056250  0.215881 
-0.078223  0.215881 
-0.039771  0.221375 
-0.050757  0.221375 
-0.039771  0.221375 
-0.039771  0.221375 
-0.039771  0.221375 
-0.034277  0.221375 
-0.028784  0.221375 
-0.028784  0.221375 
-0.017798  0.221375 
-0.028784  0.221375 
-0.017798  0.221375 
-0.017798  0.221375 
-0.012305  0.221375 
-0.006812  0.221375 
-0.006812  0.221375 
-0.006812  0.226868 
-0.001318  0.226868 
-0.001318  0.226868 
-0.001318  0.226868 
0.004175  0.226868 
0.004175  0.226868 
0.009668  0.226868 
0.009668  0.226868 
0.015161  0.226868 
0.015161  0.226868 
0.015161  0.226868 
0.020654  0.226868 
0.026147  0.226868 
0.031641  0.226868 
0.031641  0.226868 
0.081079  0.232361 
0.081079  0.232361 
0.086572  0.232361 
0.086572  0.232361 
0.086572  0.232361 
0.092065  0.232361 
0.092065  0.232361 
0.092065  0.232361 
0.092065  0.232361 
0.092065  0.232361 
0.092065  0.232361 
0.097558  0.232361 
0.092065  0.232361 
0.103052  0.232361 
0.103052  0.232361 
0.108545  0.232361 
0.108545  0.232361 
0.108545  0.232361 
0.114038  0.232361 
0.114038  0.232361 
0.119531  0.232361 
0.119531  0.232361 
0.114038  0.232361 
0.119531  0.232361 
0.119531  0.232361 
0.119531  0.232361 
0.119531  0.232361 
0.119531  0.232361 
0.119531  0.232361 
0.119531  0.232361 
0.119531  0.232361 
0.119531  0.232361 
0.119531  0.232361 
0.130517  0.232361 
0.130517  0.232361 
0.136011  0.232361 
0.136011  0.232361 
0.136011  0.232361 
0.136011  0.232361 
0.136011  0.232361 
0.130517  0.232361 
0.136011  0.232361 
0.136011  0.232361 
0.136011  0.232361 
0.136011  0.232361 
0.141504  0.232361 
0.136011  0.232361 
0.141504  0.232361 
0.141504  0.232361 
0.146997  0.232361 
0.146997  0.232361 
0.146997  0.232361 
0.141504  0.232361 
0.146997  0.232361 
0.146997  0.232361 
0.146997  0.232361 
0.146997  0.232361 
0.059106  -0.223572 
-2.176611  -2.953674 
-5.785620  -6.930725 
-10.064795  -11.446106 
-14.832861  -16.164734 
-19.979956  -20.993225 
-24.808447  -25.794250 
-29.444677  -30.628235 
-33.394264  -35.209534 
-36.970314  -39.032776 
-39.151100  -40.460999 
-39.634499  -39.697449 
-38.656715  -37.346375 
-36.887917  -34.462463 
-34.696144  -31.611511 
-32.119850  -28.996765 
-29.719336  -27.700378 
-27.604467  -27.151062 
-25.972998  -27.661926 
-25.313818  -28.667175 
-25.379736  -29.881165 
-26.258642  -31.084167 
-27.527563  -32.067444 
-28.944799  -32.688171 
-30.411474  -32.809021 
-31.713354  -32.688171 
-32.674660  -32.133362 
-33.031715  -31.479675 
-32.806496  -30.798523 
-32.103371  -30.205261 
-31.306860  -29.793274 
-30.400488  -29.535095 
-29.560034  -29.502136 
-28.922827  -29.491150 
-28.554785  -29.474670 
-28.466894  -29.458191 
-28.527319  -29.463684 
-28.785498  -29.474670 
-29.191992  -29.485657 
-29.675390  -29.496643 
-30.180761  -29.513123 
-30.543310  -29.535095 
-30.631201  -29.529602 
-30.609228  -29.513123 
-30.581762  -29.491150 
-30.554296  -29.469177 
-30.279638  -29.485657 
-30.268652  -29.474670 
-30.257666  -29.469177 
-30.263159  -29.463684 
-30.263159  -29.469177 
-30.285131  -29.474670 
-30.307104  -29.485657 
-30.329077  -29.496643 
-30.351049  -29.507629 
-30.384008  -29.524109 
-30.400488  -29.518616 
-30.384008  -29.502136 
-30.373022  -29.491150 
-30.362036  -29.480164 
-30.345556  -29.474670 
-30.340063  -29.469177 
-30.340063  -29.469177 
-30.345556  -29.469177 
-30.356543  -29.480164 
-30.373022  -29.485657 
-30.389502  -29.496643 
-30.411474  -29.507629 
-30.433447  -29.518616 
-30.460913  -29.518616 
-30.455420  -29.513123 
-30.449926  -29.502136 
-30.526831  -29.507629 
-30.526831  -29.507629 
-30.521338  -29.507629 
-30.521338  -29.507629 
-30.515844  -29.507629 
-30.504858  -29.507629 
-30.499365  -29.507629 
-30.493872  -29.507629 
-30.488379  -29.507629 
-30.488379  -29.507629 
-30.488379  -29.507629 
-30.493872  -29.507629 
-30.510351  -29.672424 
-30.515844  -29.672424 
-30.521338  -29.677917 
-30.526831  -29.677917 
-30.532324  -29.683411 
-30.532324  -29.683411 
-30.532324  -29.683411 
-30.532324  -29.677917 
-30.526831  -29.677917 
-30.526831  -29.677917 
-30.427954  -29.672424 
-30.329077  -29.672424 
-30.312597  -29.666931 
-30.329077  -29.661438 
-30.318090  -29.655945 
-30.312597  -29.650452 
-30.307104  -29.650452 
-30.340063  -29.644958 
-30.351049  -29.655945 
-30.351049  -29.655945 
-30.345556  -29.655945 
-30.334570  -29.655945 
-30.329077  -29.655945 
-30.323584  -29.655945 
-30.323584  -29.655945 
-30.340063  -29.655945 
-30.334570  -29.655945 
-30.329077  -29.655945 
-30.323584  -29.655945 
-30.329077  -29.655945 
-30.329077  -29.655945 
-30.334570  -29.655945 
-30.329077  -29.655945 
-30.318090  -29.782288 
-30.318090  -29.782288 
-30.400488  -29.749329 
-28.972265  -27.920105 
-25.764257  -24.349548 
-21.666357  -19.955017 
-17.118017  -15.296814 
-12.349951  -10.495789 
-7.433569  -5.689270 
-2.434790  -0.860779 
2.613428  3.962219 
7.376001  8.581970 
11.968287  11.855896 
15.423487  12.427185 
17.142847  10.614441 
16.818750  7.659119 
15.088404  4.214905 
12.517603  0.814636 
9.457911  -1.585876 
6.145532  -2.898743 
2.948511  -2.563660 
-0.221045  -1.421082 
-2.846777  -0.113708 
-4.708960  1.039856 
-5.159400  1.715515 
-4.577124  2.089050 
-3.483984  2.132996 
-2.083228  1.852844 
-0.611060  1.534241 
0.872095  1.122253 
1.844385  0.660828 
2.448633  0.210388 
2.465112  -0.091736 
2.124536  -0.212585 
1.421411  -0.218079 
0.597436  -0.223572 
-0.133154  -0.223572 
-0.775855  -0.223572 
-1.248267  -0.229065 
-1.380103  -0.223572 
-1.413062  -0.229065 
-1.242774  -0.229065 
-0.979102  -0.223572 
-0.644019  -0.218079 
-0.413306  -0.218079 
-0.243018  -0.218079 
-0.012305  -0.212585 
0.234888  -0.212585 
0.498559  -0.207092 
0.465600  -0.207092 
0.405176  -0.212585 
0.372217  -0.207092 
0.366724  -0.207092 
0.438135  -0.207092 
0.388696  -0.207092 
0.339258  -0.207092 
0.322778  -0.207092 
0.377710  -0.201599 
0.344751  -0.201599 
0.311792  -0.201599 
0.311792  -0.201599 
0.322778  -0.201599 
0.284326  -0.201599 
0.273340  -0.201599 
0.295312  -0.201599 
0.267847  -0.201599 
0.273340  -0.201599 
0.245874  -0.201599 
0.256860  -0.196106 
0.240381  -0.196106 
0.240381  -0.196106 
0.223901  -0.196106 
0.218408  -0.196106 
0.207422  -0.196106 
0.207422  -0.190613 
0.190942  -0.196106 
0.185449  -0.190613 
0.174463  -0.196106 
0.048120  -0.190613 
0.042627  -0.190613 
0.037134  -0.190613 
0.031641  -0.190613 
0.031641  -0.190613 
0.026147  -0.190613 
0.015161  -0.190613 
0.015161  -0.190613 
0.009668  -0.190613 
0.004175  -0.190613 
